0.903055 4.06416 -0.219666 2.82805 
0.926633 4.03272 -0.053513 2.0936 
1.26998 4.15288 0.854395 2.45819 
0.913221 4.10316 -0.827718 -2.28253 
1.71174 3.25685 0.561959 0.397983 
0.910026 3.41809 0.477485 2.41428 
0.92668 4.54807 -0.567424 1.79394 
0.709788 3.94915 -0.170792 1.74703 
0.98171 4.52354 -0.166607 -2.48029 
0.914347 4.59114 -0.485701 0.319857 
1.08401 3.5408 0.589423 1.96936 
0.923754 3.38937 0.0422141 -2.47966 
0.876206 3.28405 0.456131 -0.746933 
0.912922 3.84613 -0.772607 -1.10363 
0.881287 4.49733 -0.427061 -0.120634 
1.45916 3.68591 -0.364853 -0.714831 
0.9157 4.4633 -0.178835 1.62564 
0.926114 4.54384 0.715364 -2.66988 
0.887371 4.38808 0.884192 -1.59241 
2.0703 3.41729 -0.841333 2.13649 
2.02374 3.30869 0.542981 0.0737632 
1.29824 4.58392 0.952031 2.59136 
1.10522 3.30576 -0.112951 1.53659 
0.870312 4.41699 -0.333771 -3.12753 
0.875009 3.93775 -0.500628 -2.36365 
1.92599 4.64243 0.245121 -2.64501 
1.59076 4.26621 0.426485 -2.99269 
1.07167 4.64646 -0.3248 0.0482884 
1.62259 3.25998 -0.412075 2.77978 
0.822654 3.54977 0.916771 0.911202 
1.51213 3.90062 0.29405 -1.57518 
0.878495 3.2917 -0.0893694 2.36045 
1.44395 4.289 -0.277315 2.86023 
0.871943 3.46734 -0.951242 -1.13573 
1.07971 4.75217 -0.934998 -2.57817 
1.77896 3.74402 0.937867 1.00988 
0.888051 3.68557 0.556079 1.40651 
0.915952 3.81889 -0.826609 2.41251 
1.5873 3.66136 -0.180644 1.22111 
1.08252 4.35663 -0.541232 0.299026 
1.80954 3.72562 0.366723 -1.85424 
0.888516 4.335 0.0239974 2.24052 
0.88888 3.36327 0.464774 -2.75864 
1.25522 4.48099 0.365618 -1.84865 
1.56745 4.31489 -0.677916 -2.51384 
1.90741 3.2616 0.183846 -1.87784 
0.911009 4.42736 0.237379 1.99059 
1.64168 4.81945 0.70734 -1.13877 
1.99633 3.294 -0.738273 -2.13058 
0.959905 4.47296 -0.129118 -2.58813 
0.862627 3.56712 0.198083 1.25041 
0.876292 3.80671 0.674397 1.37205 
1.44172 4.37065 0.413163 0.488059 
1.45534 3.77878 -0.248573 0.387343 
0.887303 3.97671 -0.914392 -1.89695 
1.43929 4.736 -0.341303 -1.5404 
1.52558 4.10805 -0.834948 2.57676 
1.16749 4.8435 -0.0163416 -1.45521 
0.966683 3.77554 0.019245 -1.5089 
0.870226 3.3834 -0.118289 -2.75619 
1.65005 3.58029 -0.858394 1.11554 
1.7084 4.06882 -0.332948 1.23263 
1.12637 3.74593 -0.382243 2.56817 
1.39303 4.75869 -0.509493 -0.774531 
0.854536 3.30827 -0.515347 -1.50101 
1.81474 4.67402 -0.577351 2.20702 
1.79851 4.6017 -0.718368 1.97838 
1.51957 3.43365 0.185773 1.44708 
1.46238 4.41803 0.181928 2.2992 
0.891419 3.28747 -0.232168 0.787645 
0.892539 3.43949 0.807699 0.194769 
0.989059 4.21612 0.059347 -1.49797 
1.88538 3.57683 -0.113369 0.964462 
1.44094 4.45884 0.183459 1.10569 
0.709024 3.69503 -0.816973 1.85046 
0.660682 3.33427 0.451674 -0.756827 
1.62064 3.971 0.934783 0.550297 
1.48777 4.63123 -0.36054 2.04031 
0.906982 3.91357 0.618042 -2.23022 
0.874531 4.27101 0.207857 2.13907 
0.898828 3.3373 -0.326851 2.6999 
1.02342 3.40171 0.638081 2.98424 
1.47705 4.63776 -0.155295 -0.159664 
1.50567 4.7233 -0.781173 -0.755184 
1.24654 4.28801 -0.687509 0.113303 
1.81142 3.60196 -0.953111 -2.53957 
0.856329 4.53332 0.42642 -2.95102 
0.891224 3.53225 -0.401349 -2.10758 
1.80709 3.69474 0.96952 -0.154678 
0.921601 4.48665 0.821637 -2.35662 
0.882223 3.46397 0.289616 -2.00433 
1.03 3.65305 0.866941 -1.12491 
1.71578 4.87391 0.3148 2.63221 
1.8898 3.68507 -0.386416 2.83494 
1.93082 4.1339 -0.991898 0.95015 
1.85007 3.79135 -0.87608 2.81368 
0.949314 4.44105 -0.102933 -2.09593 
0.880862 4.06342 -0.820675 -0.39466 
1.63843 4.43327 0.807752 -2.15858 
0.879511 3.35304 -0.194942 -0.414755 
0.901261 3.41122 0.294206 -1.56965 
0.942965 4.18335 0.547585 2.73183 
0.919573 3.62061 -0.404977 -2.37276 
0.937336 4.3465 -0.926761 -0.154418 
1.5232 4.00777 0.632467 -0.720347 
0.931495 3.92322 -0.369972 1.56358 
0.859725 3.37457 0.421514 0.535627 
1.19785 4.52479 -0.173755 -0.445898 
0.903145 3.3394 -0.435392 0.162325 
0.87467 3.58517 0.828003 1.71888 
1.39368 3.39051 0.887038 0.365578 
0.788521 4.11934 -0.59558 -1.8503 
1.66701 4.16528 0.605909 -0.262623 
1.46513 4.32743 -0.456396 0.103141 
0.923353 4.05885 0.367228 0.566785 
0.893648 3.36823 0.646785 -0.678082 
1.6509 4.24094 0.313991 0.0416242 
0.871654 4.56538 0.306784 2.28222 
1.11741 4.68472 -0.657238 -0.813309 
1.35195 4.48884 -0.983519 2.56682 
1.33194 3.98684 -0.657573 -2.80248 
1.34646 4.57391 -0.212626 2.17368 
2.1461 4.67777 0.0537487 -3.01556 
0.925178 3.54972 0.424394 -2.47512 
0.906009 3.44283 0.119291 -2.44222 
0.906295 3.64605 0.428579 2.02511 
1.57263 3.99091 0.515427 0.143345 
1.68185 4.34288 -0.303967 -2.98673 
1.42097 4.40822 0.592027 0.290285 
1.54343 3.38928 0.165049 1.57948 
0.889322 3.97665 0.449956 -2.97039 
0.987343 4.23947 -0.6194 1.19055 
0.861698 4.03808 -0.310216 -0.172923 
1.15044 3.60643 0.580848 0.0251142 
0.898124 4.60045 -0.209059 -2.4166 
1.99564 3.59841 -0.0123583 -1.67264 
1.20244 4.59894 0.0830026 -0.801416 
1.66086 4.60929 -0.689471 1.23312 
1.33069 4.32515 0.536599 -2.6672 
0.90239 4.17994 -0.258074 2.70438 
0.852714 3.74976 0.576581 -1.0717 
1.84568 4.89937 -0.621054 3.10898 
1.35121 4.45799 0.11985 0.575822 
1.18373 4.84889 0.528864 -2.39775 
0.992051 4.43515 -0.86994 0.709276 
0.912859 4.30013 0.967442 -2.18156 
1.27808 4.35968 0.272892 -2.41872 
1.43301 3.66756 -0.181426 -0.436871 
1.45137 4.63393 -0.551184 -1.46696 
0.906948 3.47818 0.587599 0.5167 
1.48471 4.23314 -0.0754786 1.19543 
0.885782 4.3138 -0.684553 -0.127154 
0.981126 3.84858 -0.938028 2.32459 
1.06146 3.40316 0.19926 -2.41462 
1.21115 4.1282 0.729739 -0.781961 
0.73159 3.49157 -0.133395 -3.01208 
1.82825 4.79487 0.626786 0.467299 
0.831534 4.56453 0.401149 0.67105 
1.15238 3.92902 -0.795319 -1.16804 
0.900333 3.29141 0.281199 -0.487345 
0.820823 3.84894 -0.510059 2.8759 
0.864445 3.65922 -0.87417 -0.417501 
0.916726 4.51915 0.637749 3.03207 
1.59408 3.52364 0.157981 -1.80365 
0.836703 3.5871 0.640339 1.66971 
1.71881 4.63215 0.798228 -0.554311 
1.58613 3.86953 -0.318352 -1.94624 
1.81559 3.4038 -0.845505 -2.22798 
1.39251 3.47446 -0.834392 -1.15206 
1.50611 4.58447 0.281706 -0.718954 
0.72446 4.48719 -0.229839 0.501685 
0.891112 3.46826 0.0882397 -0.217538 
0.79958 3.64731 0.407421 2.02859 
1.71054 4.44701 0.704266 1.42241 
1.1538 3.95958 0.668034 -0.35584 
0.885958 3.6781 0.132536 -1.42108 
0.910351 4.19883 -0.74138 0.415636 
0.861891 4.30117 0.738652 1.52602 
1.44569 3.65606 -0.812077 1.10182 
1.22327 4.22869 0.66484 2.80969 
1.38742 4.83283 0.801292 -2.23222 
0.934532 4.26343 0.536116 -2.2809 
0.957834 4.2183 -0.380993 2.66855 
1.03237 3.6579 0.0160256 -0.9224 
1.36495 4.64579 0.701002 2.05534 
1.39052 4.34012 0.384113 -0.508521 
0.774222 3.45294 -0.285348 2.20674 
1.80202 4.20553 0.927134 -2.43005 
1.02436 4.33056 0.918578 -2.05009 
0.897637 3.30069 0.26458 -2.08009 
1.66637 4.11259 0.297964 2.98034 
1.40545 3.36819 -0.30139 -0.0120842 
0.703655 4.69028 -0.424559 2.65137 
1.37704 4.49781 0.102299 2.5511 
1.78323 3.31504 0.934133 0.468886 
1.66574 4.70866 -0.603079 0.64087 
0.850312 4.3952 -0.0193288 -2.30623 
2.04915 3.36264 -0.789203 -2.95206 
0.846544 3.50881 -0.572712 2.03507 
1.87401 4.21311 -0.110234 1.70478 
1.7136 4.27188 0.725015 -0.393319 
0.824168 4.34245 0.250639 -3.12133 
1.64275 4.65334 -0.817242 -2.51247 
0.943804 3.49152 -0.607453 -2.12464 
1.05884 4.17605 0.353045 -0.182888 
1.81261 4.79414 -0.540016 0.137131 
1.55431 4.70957 -0.166026 -2.49032 
0.885432 4.39984 0.804323 -2.34939 
1.28419 4.7228 0.852444 0.773554 
0.884065 4.67205 0.673856 2.33014 
1.74314 4.07589 -0.559236 -1.76989 
1.78163 4.50581 -0.453641 3.10373 
0.988528 3.58119 0.400955 -1.61068 
1.01604 4.21959 0.690632 -0.763692 
1.23254 4.58778 -0.644398 -2.62208 
2.02931 4.23889 0.360954 1.30578 
0.982464 3.3312 -0.146212 2.6227 
1.46286 3.55556 -0.762903 -1.91154 
0.906467 3.32067 0.152682 -0.302224 
1.49486 4.35599 -0.736934 0.0474739 
1.03278 4.54875 -0.289367 -0.139452 
0.943146 4.34108 0.842062 2.64589 
0.880381 4.37325 -0.381038 -1.25705 
1.38304 3.91417 0.462912 1.29213 
1.96414 3.49909 0.579159 -2.06021 
0.81945 3.37433 -0.912111 1.48723 
1.39736 4.60342 0.048309 -2.88888 
1.46233 4.45611 0.160151 -2.09706 
1.75562 3.2549 -0.0690777 0.64712 
1.63647 4.52777 -0.0799878 -0.572052 
0.896606 4.32893 0.41245 -0.286602 
1.32727 4.57724 0.97206 0.751178 
0.850624 4.06615 -0.137256 -0.564598 
1.67364 3.8986 0.973422 1.60254 
0.946853 3.74582 0.247693 1.59134 
1.33062 3.708 0.215219 1.47387 
1.37908 4.88181 0.742858 -2.33914 
1.95886 4.07115 -0.855267 1.77202 
1.0118 3.37235 0.415445 1.9667 
1.10232 3.75374 -0.00366523 -1.59441 
1.24962 4.85542 -0.564207 -0.0417984 
1.28578 3.4692 0.199188 -1.51547 
1.01527 3.86144 -0.266373 -0.654591 
0.901894 4.2215 0.789513 -3.05091 
1.26645 4.74357 0.565031 0.731948 
0.899414 3.37197 0.398759 2.67041 
1.74841 4.00115 -0.23367 2.30813 
1.94872 3.35126 0.548791 1.45345 
0.92637 3.63462 0.0636323 0.280786 
1.46818 3.56883 -0.991608 0.697021 
1.45173 3.51301 0.115125 -0.964648 
0.783438 3.96154 -0.926827 2.75353 
0.880361 4.15227 -0.282965 0.231438 
0.690361 3.7291 -0.733603 0.0919404 
1.46302 4.55223 0.203378 -0.950076 
0.859972 3.2576 -0.59979 -0.627827 
1.05107 3.48635 0.261736 2.85896 
1.87906 3.41626 0.0019476 1.53195 
0.696758 4.83293 0.157654 -2.99092 
1.37632 4.33072 -0.0355537 -1.43634 
1.40399 4.6889 -0.0380112 0.681392 
1.48225 3.5237 -0.304377 -1.13848 
1.43727 4.43294 0.958348 -0.193349 
0.692427 4.24478 -0.26891 2.43633 
1.02138 4.21341 -0.611488 -1.02897 
0.885288 3.41071 -0.2589 -2.33435 
1.46596 4.07965 0.170693 -1.95985 
1.39801 4.50497 0.450995 -1.01652 
1.50097 4.42487 -0.304388 -3.1201 
0.912899 4.47591 0.65485 2.63941 
0.749351 4.6757 0.481022 -2.22604 
1.54106 3.27104 0.838366 -2.88699 
0.881752 4.58029 -0.806044 -2.79336 
1.77516 4.68037 -0.269108 2.71456 
0.881816 3.63778 0.302546 -0.871472 
1.06414 3.72651 0.857064 -0.875962 
1.62103 3.70866 -0.882112 2.73595 
1.21952 4.82941 0.958653 0.684328 
0.885203 3.26362 0.0934744 -2.83381 
1.30119 3.23079 -0.0804962 -2.94744 
0.87913 4.57285 -0.307822 -1.85361 
1.63405 4.03249 0.938343 -3.00959 
0.878905 4.15793 -0.0829913 -2.95848 
0.88423 3.73887 0.904518 1.44256 
1.27513 4.02083 0.369713 2.81235 
1.85009 4.72962 0.0174709 -2.00667 
0.868492 3.73763 -0.269315 1.60532 
1.22258 3.26458 -0.323676 2.67692 
1.56384 4.10745 0.55189 2.44609 
1.70362 4.12931 0.024452 3.06521 
1.72207 4.70346 0.833891 -2.57068 
1.6159 3.83963 0.214557 0.535308 
1.6191 4.01328 0.328102 -0.14556 
0.880208 4.11015 -0.339826 1.84828 
1.45194 4.75772 0.508236 0.118558 
0.889521 4.08008 0.687967 1.99406 
1.13177 3.99611 -0.459999 -1.3872 
0.992306 4.26164 -0.949134 -0.595258 
1.67765 3.4948 -0.456194 -3.0164 
0.960584 3.73695 -0.817257 -0.846262 
1.68571 3.82025 -0.137466 -0.68114 
1.53187 4.46829 0.637801 0.334397 
0.885718 3.30434 0.0868009 -0.0961741 
0.784263 3.65646 0.670105 0.243329 
1.43449 4.1909 -0.354437 -1.57353 
0.902039 4.46907 0.118678 -2.65875 
2.04682 4.45387 0.56351 -0.809243 
1.24449 3.58391 -0.761151 -0.712691 
0.999708 4.39238 -0.0320839 -1.91625 
2.01331 3.47042 0.900723 -0.692941 
0.932659 3.63174 -0.428614 2.16977 
0.948064 4.48596 0.877365 2.21233 
1.32971 3.75649 0.46525 2.83592 
1.12468 4.03253 -0.473435 -2.3162 
0.888072 4.36625 0.324132 -1.55667 
0.802304 4.13893 0.798878 -0.772354 
0.784649 4.35265 0.225591 -2.04751 
1.47549 4.00076 0.346009 2.19459 
1.87736 4.54049 -0.556107 -1.00527 
0.920479 3.27313 0.253012 -0.0712162 
0.881003 4.41224 0.257007 -2.46736 
1.45104 4.18267 0.26033 -1.50876 
0.874396 4.5047 0.0718686 0.338116 
1.37151 3.42042 -0.175619 -0.740111 
0.925071 4.34707 -0.587558 1.50707 
0.903932 4.3056 -0.803969 0.769421 
0.909437 4.23188 0.878934 -0.561518 
0.928605 3.43684 0.963148 -0.799415 
1.11308 4.50089 -0.218263 -1.09435 
0.927955 4.63025 -0.762464 -0.128846 
0.990608 3.38247 -0.579196 -1.77844 
1.63322 4.3837 -0.74323 -2.2765 
1.22649 4.58146 0.0680285 0.938808 
1.52051 4.19621 0.346549 0.318911 
0.919012 4.12997 -0.162038 0.283413 
1.03008 3.39834 -0.85606 -1.86668 
0.920668 3.53123 -0.9328 -2.64984 
0.879444 3.28706 0.035845 2.03538 
0.882127 3.40603 -0.169117 1.43882 
1.45677 4.33028 -0.892104 0.461296 
1.8936 4.49415 -0.00136364 2.45365 
1.45499 4.13216 -0.304787 -1.97563 
1.1526 4.78182 0.950252 2.42132 
0.841602 3.56641 -0.133638 -2.35481 
1.41421 3.95314 0.208247 -0.80582 
0.992245 4.79664 0.499867 -2.45693 
1.23094 4.39601 0.037981 -0.255473 
1.42281 3.35604 0.151804 1.38275 
0.866721 3.65771 0.774371 -1.53105 
2.02209 4.7036 0.453397 1.58557 
0.883965 4.44978 -0.541644 0.489736 
1.72656 3.76148 0.314621 2.13425 
1.39418 4.17686 -0.277869 1.67254 
1.77312 4.01346 0.535196 1.40881 
1.11265 3.24306 -0.546972 2.03987 
1.46884 3.42023 0.139752 3.07027 
1.84995 4.11206 -0.465206 2.67844 
0.924471 4.34224 -0.255155 1.83918 
1.3778 4.14366 -0.798846 -1.8548 
1.49579 3.36526 0.381033 -2.5866 
0.967982 4.56413 -0.29482 -0.271586 
0.845088 3.72725 -0.542839 0.84651 
0.916794 4.44109 -0.260784 2.62718 
0.885305 4.57284 -0.150157 0.629418 
0.898713 3.24556 0.397572 -1.75653 
0.875568 3.30908 0.293918 -1.61134 
1.33372 4.1669 0.594536 -2.08403 
0.907282 3.48836 -0.74698 -2.34607 
2.03893 3.77557 -0.616994 -0.627112 
0.809104 4.1643 0.911414 -2.08423 
1.32003 4.25522 -0.937824 2.76398 
0.869575 4.4342 0.80441 -2.90731 
0.89418 3.53452 0.471549 0.699452 
1.45045 4.09156 -0.598809 1.87961 
2.15584 4.86939 0.502478 -0.156116 
1.90086 3.9803 0.25565 -1.74069 
0.715911 4.60969 -0.900017 -1.05822 
0.992303 4.30395 -0.301898 -0.722911 
0.901509 3.86814 -0.356229 1.95246 
0.734574 3.5434 0.801851 2.35081 
1.65078 4.13186 0.181461 -2.95459 
1.29949 4.71034 0.880312 2.36369 
1.50202 4.70656 0.478348 1.67662 
1.6626 3.26887 -0.0221444 1.40664 
1.65453 3.40076 -0.462163 0.408097 
0.870524 3.47489 0.475817 1.46756 
0.909938 4.41608 0.696824 -3.12454 
0.918971 4.2777 -0.701262 1.94056 
1.76755 3.63763 -0.397652 -1.01796 
0.868194 4.11352 -0.477473 -2.74026 
0.900643 3.21566 -0.864071 -1.82896 
1.57948 3.64446 0.626101 0.647447 
0.917123 3.33834 -0.0514587 0.64626 
1.62195 3.78472 0.194343 -2.87005 
0.830925 3.92737 -0.774464 0.812304 
0.900542 4.21612 -0.91755 2.54251 
0.885904 3.44756 -0.437037 2.87769 
0.873733 4.43652 -0.248573 -2.85845 
1.63787 3.99902 0.895809 -0.152815 
1.16419 3.66612 0.117622 -1.80324 
1.14715 3.65173 0.159755 -2.06224 
0.967798 3.88821 0.503807 0.812118 
0.894098 4.12741 0.514233 2.55109 
0.932577 4.14293 -0.462614 0.300303 
1.13067 4.19782 0.762394 -0.922009 
0.866149 4.44111 -0.775167 1.66412 
1.39299 4.78377 0.460249 -2.56936 
1.64237 3.49874 0.611917 -0.213775 
1.14485 4.07333 -0.544295 -2.73563 
1.42302 3.84987 0.747911 -0.439487 
1.37539 3.427 0.468633 2.10157 
0.915066 4.21481 0.643838 -2.23854 
0.907778 4.40027 0.0483101 1.34112 
1.74419 3.89334 0.203348 -2.52193 
1.24831 4.56274 0.266347 2.45702 
0.885392 3.46423 0.615626 2.16348 
1.31042 4.82891 0.0553623 -0.049763 
0.930207 3.84852 -0.95186 -2.57763 
0.880735 4.57772 0.21404 -2.29949 
1.19658 3.77109 -0.597813 2.07008 
0.854786 3.4905 0.22869 2.75913 
0.976889 4.31744 -0.547327 2.757 
0.907932 3.99289 0.886822 -2.78943 
1.30857 4.65703 0.141575 1.20214 
1.09842 4.1001 0.575713 0.186016 
1.50944 3.66949 0.90213 0.735905 
0.964719 4.52766 0.297604 2.94845 
0.885087 4.08742 0.0959528 2.82107 
0.88411 3.89316 -0.446983 1.59647 
0.919016 3.26944 0.14171 -1.3686 
0.871148 3.99163 0.796445 2.55557 
1.84349 4.4729 0.249612 -2.10295 
2.07481 4.82703 -0.334406 -2.95985 
1.60686 4.09752 -0.609501 2.2698 
1.96316 4.27501 -0.862669 1.66293 
0.861033 3.83984 0.287781 -2.87013 
1.43958 4.01329 -0.931541 -2.98907 
1.10647 3.59773 0.0958788 -1.01754 
1.16859 3.42453 -0.57947 -1.40065 
1.75449 3.32605 -0.226927 -2.99438 
0.878766 4.00621 -0.544496 0.120888 
0.877347 3.31854 -0.176552 -1.93604 
0.895997 3.63213 -0.30959 2.90684 
1.55231 4.88992 -0.46561 2.73408 
1.45151 4.59297 0.842882 2.04182 
0.880764 4.46828 0.248123 -1.9131 
1.31793 4.46534 0.842554 0.178596 
2.02428 3.82352 -0.995038 -0.86664 
1.00075 3.91207 0.0484032 0.748577 
1.24213 3.74741 0.465042 1.13722 
0.902349 4.05358 -0.972037 0.334235 
1.28459 4.63535 -0.280325 2.89311 
0.837397 4.75498 -0.331717 1.008 
2.06524 4.45969 -0.652428 -2.30193 
1.01682 3.70008 0.534324 2.86604 
0.886126 3.34068 0.591035 0.373096 
0.892936 4.28044 0.389267 2.46786 
0.902812 4.24338 0.915609 -2.64814 
0.918111 4.10073 0.456706 2.75598 
0.899096 3.76053 -0.409541 -2.34756 
1.2968 4.71024 0.861208 1.4825 
1.36478 4.38398 0.971934 -1.96151 
0.922751 3.70768 -0.531382 -0.778708 
1.24709 4.70558 0.0638136 0.224006 
0.893946 3.66122 -0.633174 2.0552 
0.968387 3.40534 -0.224037 -0.850936 
1.3836 4.58563 -0.307015 2.75033 
1.27672 3.69511 -0.100609 -1.56038 
1.97091 3.43771 -0.61581 0.423988 
0.846003 3.71603 -0.424517 -1.84698 
0.867706 3.48312 -0.945272 2.05283 
0.861531 4.15998 -0.138355 1.10033 
1.03192 4.26844 -0.00811738 -1.47914 
0.93506 4.26247 -0.92715 1.05492 
0.890141 3.89896 -0.95907 -1.67341 
1.46186 3.57738 0.0217534 -2.71052 
1.02549 3.94519 -0.186015 1.53469 
1.14706 4.71484 0.101691 -2.97213 
1.56273 4.77855 -0.702838 2.4722 
0.911193 3.44907 0.639221 0.725158 
0.899633 4.25466 0.0867537 -1.18013 
0.929812 4.50013 -0.142401 -0.573563 
1.23762 3.93534 0.033194 0.390943 
0.881017 3.7916 -0.650407 1.93488 
1.97078 4.32162 -0.5639 -2.26758 
0.926057 4.30954 0.379061 1.70814 
0.769628 3.60765 0.150056 -1.06885 
0.942131 3.30653 -0.542062 -1.8637 
0.891976 4.60669 0.132474 -1.95412 
1.76314 4.02822 0.931337 -1.5973 
0.897181 3.47099 -0.334692 -1.76474 
1.74312 4.5631 -0.570523 0.279908 
0.741624 3.42227 -0.606201 -1.00007 
1.878 4.5871 -0.455129 2.40834 
0.823567 4.32291 -0.848868 1.68236 
0.901737 4.12514 0.138206 -0.396819 
1.68833 4.35291 0.457008 0.860025 
0.884567 3.68752 -0.831043 -0.157901 
0.923268 3.73001 -0.210941 -2.73991 
1.4111 4.77118 -0.351619 2.80771 
1.81912 3.63423 0.989843 1.22807 
1.90981 3.25471 -0.956733 2.2846 
2.13935 4.03143 -0.983401 0.978202 
0.847252 4.0586 0.381148 -0.849317 
0.988747 3.41784 -0.327815 -2.28933 
1.12506 3.82369 -0.894681 3.10574 
1.44194 4.04322 0.0057239 1.89722 
1.11464 3.59175 -0.915908 -0.20801 
1.64666 3.96233 0.752753 -1.31912 
0.83122 4.42874 0.539724 -1.95917 
0.759431 3.459 -0.68714 -0.605704 
0.967353 3.46848 -0.216036 2.73708 
0.914569 3.3207 -0.179504 -0.275193 
0.816054 4.20491 0.56472 -1.25884 
1.809 4.67243 -0.343223 0.593897 
0.703645 3.81504 0.890734 -2.19091 
1.40148 3.89404 0.67518 1.45973 
1.40341 3.66514 -0.707605 -2.53561 
0.935409 4.43089 0.213929 -2.24904 
1.60148 4.18729 -0.166091 -2.31658 
2.09474 4.26941 -0.673109 2.87682 
0.900548 4.4206 -0.722419 -0.982512 
1.38135 3.69443 0.43168 0.571436 
1.71006 4.21227 0.995932 -1.31019 
0.836299 3.3982 -0.382879 -2.45623 
1.25988 3.27076 0.525229 2.98036 
0.868957 4.16146 0.172988 -2.35433 
1.04888 3.84553 -0.340655 3.06775 
1.4033 3.85215 -0.0836577 0.777143 
1.58564 3.75561 0.690205 1.97523 
1.04224 3.95678 -0.354051 1.74413 
1.27227 4.68774 0.274275 -0.420376 
0.913374 3.76071 0.926146 0.927009 
1.5193 4.41089 -0.735702 -1.80346 
0.912984 4.41674 0.520202 -1.42678 
1.67497 3.39353 -0.0441399 -1.48691 
1.70303 3.37321 0.285742 -2.58928 
0.935129 4.50725 0.00169025 0.877094 
1.54178 3.84661 -0.613841 2.01985 
1.21316 3.62673 -0.930298 2.23218 
1.61526 3.82659 -0.114443 -2.08588 
1.41456 4.78319 -0.166898 2.78516 
0.888644 4.46638 0.162178 -1.67022 
1.4014 3.92714 0.0592698 2.8624 
0.902831 4.38242 -0.0261652 0.324701 
0.887815 4.5871 0.540818 1.69834 
0.898947 4.12923 -0.72715 0.617116 
0.888038 4.11861 -0.96 -2.23094 
1.18832 4.57215 0.452832 -2.86378 
2.07856 4.30517 0.740251 -1.85181 
1.73722 4.59824 -0.751537 -1.49017 
0.906324 4.21742 -0.738273 -2.60946 
0.89277 3.87611 -0.890922 -1.6961 
0.866185 3.27706 -0.458285 2.04985 
0.887736 3.72676 0.358045 0.819356 
1.71131 3.95636 -0.675796 -0.826926 
1.15815 4.38211 -0.468791 1.05056 
0.81519 4.03834 0.0450629 -2.0754 
0.903048 3.29155 -0.077082 2.69789 
0.926403 4.55522 0.66582 0.0611849 
1.49143 3.56011 -0.566993 2.81095 
1.38 3.74701 -0.241617 -1.99296 
0.927463 3.38203 0.845079 0.898306 
1.04595 3.7725 -0.0621814 -1.97372 
0.896739 3.90277 -0.651344 -0.81391 
1.86076 4.27638 -0.0133768 0.58216 
1.54804 4.71105 -0.0859541 2.01311 
1.60601 3.64559 -0.808622 -0.11567 
1.99333 3.48183 0.12778 0.266587 
0.807199 3.64735 0.511061 0.458337 
0.877286 4.54174 -0.211917 2.55381 
0.67355 4.6463 -0.686634 -0.614039 
0.668762 4.41928 -0.454782 -2.84098 
0.863811 3.5257 0.200134 -3.01644 
1.32979 4.64645 -0.121356 -2.03717 
1.64222 4.23781 0.771638 -2.73889 
1.82083 4.75722 -0.82722 -0.0535016 
0.8972 4.15578 0.301874 0.233168 
0.886776 3.3034 0.401201 -0.217087 
0.869357 3.7693 0.719535 -0.734852 
1.00595 4.36304 -0.129254 2.96256 
0.878421 3.66287 -0.78656 -2.95565 
1.53484 4.58459 -0.370644 -2.54953 
1.51713 4.33807 -0.825128 2.41487 
1.56849 4.44056 0.304614 -1.43149 
0.873247 4.2934 0.554215 -0.986692 
1.60123 4.51797 -0.631293 -1.15861 
0.914762 4.21421 -0.264955 -0.166565 
1.75842 3.86657 -0.952854 0.0769076 
1.89065 4.77705 -0.462286 -0.52255 
0.921096 4.26038 0.372015 -2.47033 
1.01022 4.53674 -0.106322 2.50458 
1.5254 4.30213 0.512171 0.634205 
0.924872 3.67999 -0.169365 -2.63493 
1.15622 4.21322 0.996652 0.517908 
1.80424 4.29379 0.723687 -0.550369 
1.08619 3.59851 -0.806364 -2.34732 
1.85422 3.66909 0.659131 0.773712 
0.887203 3.58289 0.342006 0.0972674 
1.95312 4.58852 0.252422 -0.971638 
0.887835 4.50254 -0.17622 -1.14104 
0.901629 3.9182 -0.747644 -0.633693 
0.808602 4.42727 -0.470848 2.89677 
0.919707 3.46867 0.357973 -0.473641 
1.65492 4.42781 0.693995 -0.955414 
1.0303 4.49462 -0.613704 2.14964 
1.52114 3.80072 0.0473389 -0.131753 
0.886674 4.51143 -0.483256 -0.79149 
0.897521 4.57227 0.100904 -0.637482 
0.865054 3.38448 -0.946716 -2.94058 
1.75043 3.98492 -0.204974 -1.2408 
1.61836 3.37884 0.25487 -0.93392 
1.24611 4.83401 -0.999395 -0.943921 
0.895301 3.73163 0.576039 -1.12474 
0.887309 4.55884 -0.344799 0.0872306 
0.909381 3.25162 0.800932 -1.66081 
0.910304 4.19842 -0.719465 0.698083 
1.37419 4.34801 0.707415 -0.156271 
1.94521 4.45882 0.87269 -0.632685 
0.898338 3.63376 0.193428 1.03805 
0.90526 4.40105 -0.598687 -2.05042 
1.50953 3.68122 -0.354717 -0.907932 
0.885296 3.43446 0.110572 2.23908 
0.854 4.18204 0.941788 -1.72445 
2.11809 3.8053 -0.415918 2.89068 
1.87775 4.69854 0.214079 2.59345 
1.7053 3.65214 0.846975 -1.84187 
1.34579 3.81058 0.813624 -0.572082 
0.921056 3.50069 -0.622934 -0.488284 
1.12316 3.89695 0.270463 2.51002 
1.79581 3.96826 -0.406295 1.44672 
1.54598 3.47236 -0.567943 0.219403 
1.37341 4.75501 -0.343197 -1.58521 
1.7943 4.57836 0.0748185 1.69822 
0.878741 3.92851 0.574896 -2.69638 
1.61415 4.10452 -0.714694 -1.2145 
1.87581 4.83347 -0.456137 0.0977272 
1.36866 4.3268 0.367915 2.12206 
1.42087 3.85829 -0.353928 0.498405 
0.863529 4.32411 -0.678333 -0.380883 
0.905861 3.42371 -0.820314 -0.579864 
0.893398 3.529 0.0276765 -0.536228 
0.916873 4.14037 0.21253 -2.61607 
1.87282 3.34487 0.585468 2.42257 
1.32686 4.40384 -0.631638 1.53142 
1.22777 4.54184 0.339162 2.88199 
1.0553 4.14153 0.457939 -1.31865 
1.9511 3.81264 -0.30348 1.14006 
0.855839 4.16911 -0.375863 1.09713 
0.877814 3.94501 -0.760036 2.94932 
1.82365 4.18224 -0.756752 2.81452 
1.07826 3.57619 -0.265571 1.01187 
1.07499 3.63376 -0.444011 1.10625 
0.846669 3.99215 0.516845 -2.86581 
1.22133 3.5606 0.164706 0.565786 
1.31185 3.94429 0.0783169 1.54477 
0.864553 4.83831 0.822813 1.18131 
1.37229 3.41299 -0.885191 1.93252 
1.67103 3.89407 -0.55636 -1.87913 
0.883727 3.98607 0.668762 1.7486 
0.813556 4.45648 -0.221449 -3.08773 
1.09771 4.23003 -0.0257588 1.68051 
0.940579 3.47407 -0.976449 2.63655 
1.83232 3.64867 -0.865774 0.128745 
1.54641 4.5344 -0.318799 0.589203 
1.02725 3.88562 -0.142631 0.697782 
1.75471 4.42547 -0.0593323 2.17053 
2.06334 4.40089 0.980776 -2.11725 
1.44862 3.67643 0.307612 -2.20773 
1.50988 3.60395 0.12338 2.86699 
1.43943 4.39007 0.445848 1.12759 
2.10324 4.14454 -0.582633 -1.59321 
1.66137 3.39752 0.427323 1.87929 
0.907481 4.5385 0.871692 -1.94028 
1.56237 4.15134 0.526214 0.938839 
0.893944 3.32476 0.167695 -0.420717 
1.54889 3.8247 -0.394841 -2.09723 
1.19255 4.27688 0.225268 2.70975 
0.946264 3.48523 -0.218002 2.01516 
2.04136 3.36227 -0.44096 0.972301 
0.883303 4.32737 -0.286489 1.50264 
1.03904 3.81107 0.138532 -0.0271033 
0.820707 4.29208 0.58629 1.35772 
1.69463 3.64379 0.443647 0.585768 
1.34476 4.24038 0.225578 -2.91449 
1.33463 4.06919 -0.659359 2.9512 
1.39623 4.65992 -0.233187 -2.57841 
0.906073 4.52867 0.267134 -0.936615 
0.872531 3.32052 -0.221267 0.101004 
1.95655 4.75824 0.892429 -1.66709 
1.42267 3.86099 0.851047 2.56194 
0.907201 4.0729 -0.764133 1.57869 
1.23819 3.33894 0.970286 2.31932 
1.37776 4.52463 0.471631 0.543119 
0.917705 3.64272 -0.851844 1.41242 
0.884722 3.94385 -0.610142 -2.12695 
0.906995 3.49623 0.253744 1.33914 
1.68232 4.71535 -0.622496 0.731672 
0.855999 3.89495 0.804116 0.505366 
1.16666 3.95481 -0.737318 2.21282 
1.39988 4.71419 -0.672788 -1.1858 
0.960117 3.44246 0.398942 -0.150592 
1.80463 4.10796 0.752238 -2.92171 
1.24796 4.03435 -0.76837 -1.74152 
0.808703 4.19112 -0.0213396 -1.15976 
2.13258 3.69871 0.504671 1.36391 
2.04683 3.22037 0.234728 1.10661 
0.88925 3.26084 -0.181346 2.2249 
0.885074 3.97316 -0.0946722 -2.78235 
1.11068 4.08623 -0.236154 2.0394 
1.48369 3.95656 0.314715 -2.69448 
1.60574 4.72639 0.718611 -0.992561 
0.897619 4.37053 -0.530264 -0.86116 
1.05677 3.61992 -0.257917 0.809626 
0.953458 3.56035 0.605313 0.751403 
1.23633 4.3542 0.972919 0.225496 
0.852608 4.5491 -0.379071 1.7664 
0.940918 4.50528 0.77149 1.80185 
1.45536 3.59818 0.0134453 0.358964 
1.22717 4.21142 -0.274098 1.97472 
1.29031 4.71583 0.713961 -2.85764 
0.976621 3.39114 -0.931926 1.70674 
1.49254 4.60376 -0.491836 2.64939 
0.88891 3.27325 0.157534 -3.11644 
1.236 4.34399 -0.159373 -0.295583 
0.704411 3.65212 -0.710342 1.43637 
0.930234 4.34779 -0.922124 -1.13395 
0.852969 4.40767 -0.161218 1.41627 
2.11884 3.20841 -0.739705 -0.150744 
1.67944 4.49805 0.652644 1.89423 
1.26616 4.7225 -0.284167 2.78977 
0.897904 3.93075 0.982142 -2.11723 
1.70731 4.16961 -0.260522 0.621096 
0.881249 4.57688 0.737177 -0.870247 
0.929195 3.78408 -0.780295 2.15941 
0.893665 4.44344 -0.24591 2.83481 
1.43819 3.33291 0.2548 1.03061 
0.887066 3.50561 -0.934436 -1.08101 
1.02366 3.61568 0.275783 2.27531 
0.90441 3.43245 -0.248491 -0.909713 
0.9684 4.36608 0.371312 -2.61452 
1.40842 3.20958 -0.535733 0.489794 
1.55628 4.27993 -0.488329 -0.967407 
1.01396 3.48159 -0.758386 -2.48374 
0.846396 3.46852 0.485315 2.1196 
1.84607 4.60425 0.912704 -2.08193 
1.44507 4.09299 0.365274 -0.939703 
1.41792 3.84454 -0.0589756 2.68342 
1.38034 4.74993 0.076388 1.80892 
0.952898 3.61248 0.323655 1.47088 
1.94203 4.65922 -0.295246 1.38206 
2.04032 3.50148 0.369282 0.287074 
1.84846 4.3998 0.112248 2.10994 
0.88902 4.50824 0.671633 2.00258 
1.39691 4.34531 -0.885659 -1.26904 
1.13961 4.58949 0.446997 -2.73305 
1.37257 4.87154 -0.892214 -2.87744 
1.55817 4.59143 0.0556897 1.88422 
1.18027 4.64143 -0.838017 1.07308 
0.838805 4.05372 -0.755349 0.0907034 
1.38262 3.49278 -0.623171 -1.27763 
1.98395 4.45317 -0.156651 0.954945 
1.24732 4.61413 0.540633 2.44417 
1.3112 4.8648 0.471316 -1.76044 
1.53497 4.442 -0.47419 2.03133 
1.35172 4.62481 0.700114 0.483294 
1.65244 4.42243 -0.0536786 0.663267 
0.668241 3.68499 0.614603 1.70381 
1.95692 4.84407 -0.402679 -2.96278 
0.898639 3.99497 -0.60681 -3.03309 
1.72093 4.69556 0.474733 -2.98092 
1.62923 4.23616 -0.447706 3.00738 
1.14082 3.24304 -0.631314 -0.268937 
1.59524 4.33283 -0.53322 2.4328 
1.36109 3.29423 0.173436 1.08432 
0.943697 4.62103 -0.468028 2.26152 
0.895599 4.30021 -0.861255 -1.08585 
1.60222 4.00134 0.324505 -2.75167 
1.30644 4.76704 -0.370162 -3.13964 
0.988314 4.74048 -0.958989 0.343956 
1.01754 3.79273 -0.781971 -2.06288 
1.27847 3.39741 -0.45538 1.42967 
0.845669 4.01374 0.322115 -1.79943 
0.895652 4.27654 -0.368611 2.98529 
0.863735 4.41395 0.239594 0.58676 
1.81484 3.25965 0.0359223 2.69759 
1.49382 3.71092 0.734735 1.71949 
0.831831 4.38919 -0.666571 -0.214383 
1.60364 3.95844 -0.793559 -1.63486 
1.013 3.67763 0.963207 2.61218 
0.89961 3.37265 0.292062 1.23652 
1.51734 3.3947 -0.465302 -1.95925 
1.97419 3.95303 -0.98916 -0.120611 
1.42293 3.38886 -0.838123 1.39954 
0.88762 4.15719 0.795369 0.803581 
0.899571 4.36428 0.992873 0.791232 
1.23713 4.77268 -0.384824 -1.32787 
1.5302 3.57218 0.934962 -2.41571 
1.24256 3.3595 -0.567386 1.68495 
1.09575 4.82162 0.520987 0.391679 
1.1074 3.56407 0.328888 -2.06792 
0.886504 3.6156 0.634004 -1.2053 
0.956624 3.84363 -0.794156 -2.85122 
1.43942 3.24572 0.246822 2.76599 
1.14624 4.80585 -0.741202 -1.88496 
2.00567 3.27336 0.829813 1.85402 
1.98757 3.78957 0.963124 0.348893 
1.6158 3.62213 0.283135 2.24744 
0.951537 3.87127 0.570241 1.41296 
0.949271 3.57812 0.512688 -0.0740347 
0.884105 3.32687 -0.0378608 2.29031 
0.993793 3.67164 0.69808 0.0835164 
0.89357 3.92652 -0.237467 -1.00857 
0.801742 4.44607 -0.711563 -1.75591 
0.904825 3.67188 -0.971775 -0.000634411 
0.943009 3.88288 -0.338828 2.36957 
0.957546 3.66061 0.941465 -0.84846 
1.12489 3.66736 -0.610274 -0.641074 
0.905795 4.56837 0.815632 2.27614 
0.923699 4.13615 0.376696 2.45038 
1.90153 4.75106 0.74573 -1.08311 
1.34765 4.19045 0.0709132 -1.78368 
0.97131 4.58474 -0.21654 -0.276321 
1.37689 4.87282 0.481975 2.02119 
0.789526 4.05601 -0.775678 -2.51733 
1.12059 3.40271 0.565254 1.29652 
1.19818 3.99889 -0.15794 0.245723 
1.64094 3.81592 -0.662178 -1.11804 
0.825455 3.37543 0.0464351 -2.09917 
1.85643 4.51336 0.903296 -0.751081 
0.987999 3.94808 0.863747 0.753896 
1.32712 4.07393 -0.860948 0.405125 
1.15343 3.87123 0.988152 -1.17509 
1.98517 3.84407 0.236058 -1.01027 
1.88329 3.39832 0.895124 -0.664726 
1.22257 4.46888 0.12601 0.0588428 
1.92102 3.56892 0.368675 -2.13297 
0.708393 4.75228 -0.547824 1.87399 
0.92954 3.73926 0.356638 1.00983 
0.898555 4.3254 -0.916457 0.57878 
1.55792 4.2935 -0.543535 2.40109 
0.933146 3.30759 -0.757748 1.8677 
0.909633 4.53547 0.143503 1.17814 
0.700975 3.82856 -0.199044 -1.04248 
2.00981 3.23344 -0.650834 -1.88668 
1.46529 4.44071 -0.150593 2.8832 
1.2778 4.63642 0.983949 1.84385 
1.94212 3.47062 0.629626 -1.19122 
0.936679 3.5553 -0.465599 -1.87421 
0.887236 3.80655 -0.999306 0.646309 
0.911375 3.7559 0.377905 1.77836 
1.99417 3.8047 -0.781276 -1.13089 
1.52959 3.41077 0.162344 -2.62438 
1.41536 3.94801 -0.0325744 -0.414022 
1.30899 3.21075 -0.81322 -1.17064 
1.92768 4.02489 0.550369 -1.34251 
0.89686 4.00895 0.62096 2.83723 
0.907988 4.62076 0.634718 1.90844 
0.965816 4.30257 -0.770559 -0.694847 
0.887862 4.45584 -0.716897 -0.142551 
0.764337 3.96907 -0.786427 0.634245 
1.34039 4.72666 -0.0952603 0.54971 
1.05662 4.36931 0.315013 1.69401 
1.40274 4.49001 0.114315 -0.295049 
0.927189 3.59064 0.0226943 0.85415 
1.78722 4.5235 -0.205549 -1.541 
0.894532 4.14984 0.359974 0.981503 
2.08451 4.02325 0.264685 2.76148 
0.84126 4.39081 0.744339 1.87201 
0.880487 4.10603 -0.672512 1.65787 
0.894107 4.17205 -0.466107 2.25502 
0.877313 3.34553 -0.0562533 -1.28086 
1.24444 4.11498 -0.779208 0.309255 
1.64229 4.67924 -0.440282 0.532073 
0.927833 4.3097 0.491983 -2.45057 
1.43531 4.36075 0.244748 -2.86333 
1.76888 4.0233 -0.55845 2.4308 
1.20106 3.92532 -0.602987 -2.78058 
0.940433 4.26638 -0.438303 1.86633 
1.17336 4.46609 0.343454 2.99699 
1.03667 3.63083 -0.366731 0.226515 
0.898784 3.40229 -0.482308 2.87789 
1.89801 4.39213 -0.878686 -0.197919 
0.896483 4.30613 -0.0135109 0.517651 
0.906684 4.42943 0.0182977 1.70071 
1.58202 3.54495 0.377853 -1.2678 
0.904005 3.28469 0.0739712 3.12641 
0.910855 4.03379 -0.967088 -0.661217 
0.907016 3.81434 0.639344 -0.969539 
0.890903 4.32197 0.684531 2.37116 
1.66798 3.46763 -0.421565 0.818727 
1.8798 3.4933 -0.469034 -3.09258 
0.907756 4.40397 0.842827 -1.40711 
0.930105 3.35125 0.214029 -1.244 
0.884097 3.34616 -0.402607 2.7794 
2.08448 3.39194 0.200884 -1.0601 
0.909612 3.4373 0.209372 2.41531 
0.757939 4.48147 -0.106166 2.24208 
0.893088 3.50888 0.0616478 2.64109 
2.13659 3.91091 0.13534 -1.33409 
1.88543 4.41942 -0.364623 -2.55741 
0.881711 4.55666 -0.628342 -2.81284 
0.968986 3.47955 0.813136 -2.18761 
1.87303 4.50245 -0.322105 -0.991524 
1.24428 4.20317 0.907725 2.64771 
0.908764 4.4814 0.223781 -2.72549 
1.39106 4.17602 0.412615 1.94206 
1.13532 4.10562 -0.514052 -1.11403 
1.57774 4.02519 0.76544 2.83609 
0.89647 3.35657 0.327835 1.40952 
1.43292 3.61141 -0.773331 -0.853592 
0.931151 3.67232 0.442054 -2.83921 
0.876725 4.72596 -0.384505 -2.03431 
1.48889 4.63734 -0.849147 -1.17067 
1.18534 4.27535 0.782385 0.826889 
0.95571 3.73774 -0.0605655 -1.57838 
0.984237 3.72355 0.111779 0.428351 
0.887792 3.49902 -0.794603 -0.259961 
2.02928 4.38343 0.28337 2.30017 
0.864133 4.34199 0.575883 -1.69337 
1.38927 4.83492 0.999414 2.23953 
1.12398 3.20537 -0.258831 1.32169 
1.40372 4.76317 -0.584183 -2.35521 
0.716794 3.50917 -0.355698 -0.419752 
1.16984 3.57724 -0.389064 1.82009 
0.90392 3.32441 0.568758 -2.56249 
1.32019 4.00737 0.814414 0.489232 
0.859585 4.51115 0.851014 -1.38162 
0.930235 3.83301 0.706584 1.99395 
0.90333 3.37468 0.61381 1.93084 
0.942903 3.35805 -0.120236 0.689192 
1.39878 3.62874 -0.918503 -2.98844 
1.53152 4.57826 -0.517421 -1.07498 
2.01179 4.49486 0.783749 -0.774473 
0.92828 4.1771 0.731756 -2.96793 
0.894694 3.74294 -0.125386 -1.49713 
0.913184 3.61273 -0.161712 2.70799 
0.900049 4.21525 0.727961 2.55976 
0.835044 4.17217 0.603539 -2.7486 
0.861132 3.86157 0.578963 0.327068 
1.90497 3.4788 -0.805652 0.92977 
2.02471 4.77426 -0.880305 -1.63032 
0.891138 4.49482 0.435627 1.82669 
0.864692 3.98834 0.990085 -2.55986 
0.952027 4.59924 0.00697654 -1.85346 
0.868759 3.55768 0.995008 2.15184 
1.71994 3.30797 -0.631007 2.55864 
1.49043 3.34429 0.545911 -2.99066 
1.97144 3.20627 0.26194 -1.52649 
1.90281 4.35833 -0.213751 0.788226 
0.91066 3.71908 -0.331901 2.72499 
0.982712 4.05065 -0.392183 -0.00590083 
1.64728 4.20222 -0.73031 -1.84343 
0.836901 3.30481 -0.336891 -1.54132 
1.64646 4.79336 0.900294 0.206114 
0.899162 3.59651 -0.0427809 2.31517 
1.31126 4.13776 -0.597842 -1.80565 
0.857203 4.36246 0.889516 -1.7465 
0.897011 3.76723 0.699242 -0.845906 
0.911361 4.26912 -0.107417 -0.50974 
1.01494 4.2651 -0.560511 -0.316547 
0.86721 4.38672 0.396272 -1.6867 
1.53769 4.58609 -0.759366 -1.60938 
1.96486 4.59246 -0.695047 -1.89807 
1.5071 4.71644 0.204612 3.06417 
1.08139 4.87334 -0.31805 -1.09215 
1.11504 4.79386 0.340916 2.85132 
0.973695 4.21354 0.914684 -2.21076 
1.66542 3.68774 -0.45408 -2.61693 
0.836524 3.41468 0.950533 0.976289 
1.8982 3.85223 -0.649723 1.87904 
0.914584 3.63525 -0.63855 -2.92559 
1.79681 3.20337 -0.446042 1.0126 
1.37934 4.81093 -0.016483 -2.87928 
0.891922 3.40113 -0.794739 -2.247 
1.31542 3.91538 0.210686 -0.00555034 
0.806724 3.46673 0.850312 -0.68759 
1.24646 4.52867 0.311317 -0.888442 
0.897863 4.29525 0.0995551 -0.55688 
1.54317 3.70053 0.958446 -1.81949 
1.36199 4.01174 0.307829 0.421499 
0.871078 3.66123 -0.601739 2.48977 
1.3244 4.21925 -0.0582357 -0.639316 
1.35715 3.35908 -0.275602 -1.43275 
0.858974 3.50161 0.516124 -0.591128 
1.01694 3.62486 -0.104082 1.94162 
0.936876 4.58055 -0.371886 1.98976 
0.904385 3.67813 0.0327922 1.68185 
1.34838 4.48095 0.661595 1.37986 
0.721863 4.42896 0.905185 -0.152364 
1.4941 3.45081 -0.54703 0.45259 
0.862406 4.49712 -0.203704 -0.00516078 
0.914049 3.59776 0.115446 -0.434047 
1.19356 4.14343 -0.890122 2.69546 
1.70615 4.38884 -0.1143 1.70042 
0.911724 3.64141 0.000259927 2.62629 
0.899229 3.83902 0.72834 3.00295 
1.5377 3.66301 -0.926944 -0.818794 
0.950798 4.32356 -0.276135 -1.72221 
0.901343 4.36422 -0.342483 -0.743065 
0.944245 3.38151 -0.178578 -2.11233 
1.9855 4.89751 0.832096 3.01667 
1.79906 4.36694 0.647402 -1.53291 
1.04142 4.88193 -0.0751843 -2.08416 
0.983472 4.61984 -0.0668016 0.4021 
1.68663 4.24129 0.935702 -1.44446 
0.898227 3.53537 -0.681743 1.80637 
1.25131 4.29268 0.360969 0.253895 
2.15724 3.61404 0.584094 1.63728 
0.717562 3.64536 -0.591917 -2.6417 
0.854459 3.579 -0.35769 1.98011 
1.65552 4.60338 0.0201492 -0.0719687 
0.989244 4.76989 -0.168502 2.49968 
0.753322 4.10552 -0.742138 -3.12643 
0.810992 4.78243 0.411362 1.21843 
1.7195 3.8654 0.540144 0.33473 
0.928289 3.65466 0.170448 -0.0920625 
1.25603 4.69889 0.11726 -1.94971 
0.903968 4.48508 0.975735 -2.35424 
2.0569 3.6453 -0.418504 -1.66585 
0.901489 3.39617 0.219446 -1.181 
2.04885 4.13416 -0.0710402 -1.43108 
1.36722 4.37955 -0.341666 -1.51961 
0.700089 4.56204 0.390738 0.973882 
1.38776 3.79626 -0.260031 -1.94524 
0.848875 4.39029 0.233259 0.407501 
0.901031 4.53567 0.326482 1.35289 
0.873724 3.66623 -0.686043 -1.18337 
1.44025 4.85966 -0.339896 -2.21976 
0.889659 4.5275 0.793214 -0.782005 
1.99287 4.7122 0.564504 2.84987 
1.2806 4.76128 0.381924 -2.44175 
0.921623 4.29862 -0.607849 -1.18452 
0.852644 3.46592 -0.111011 0.534181 
0.891704 4.50614 -0.9388 0.388844 
1.71456 3.94254 0.755683 0.163218 
1.75841 4.87422 -0.441355 2.88795 
0.914905 3.30346 0.365378 1.32699 
0.779083 3.8322 0.392367 -1.39428 
2.04184 3.31022 0.547291 0.593025 
0.901922 4.16116 0.708919 1.95654 
0.929919 3.91283 0.847443 -0.642358 
0.917594 3.92644 -0.556872 -0.94053 
1.14884 3.58414 0.152795 0.289068 
1.11105 3.95016 0.11894 -2.92497 
0.889878 3.39443 0.159224 -2.3434 
0.873071 4.56421 0.0408778 -0.277355 
1.36809 4.77296 -0.742824 0.955189 
1.38941 4.60011 -0.861037 0.742286 
0.786713 3.96798 0.344004 -2.12807 
0.936938 4.00973 0.0183106 2.50152 
1.4245 4.30942 -0.180969 -2.92041 
0.837358 4.37966 0.301474 -2.15901 
1.43577 3.52359 -0.537006 -2.8439 
0.892147 4.28364 -0.881235 0.777344 
0.849722 4.881 -0.682464 0.377998 
0.896685 3.7129 -0.324316 2.98639 
0.867846 4.56174 -0.108696 1.38168 
0.891628 4.50859 -0.671356 2.95567 
1.35992 4.48502 0.852173 2.31836 
1.02564 3.51878 -0.457374 2.03653 
0.845765 3.70094 0.851596 0.410421 
1.9025 3.77503 -0.253501 -1.14325 
1.18181 3.55128 -0.112473 -1.68891 
0.894931 3.57829 -0.134137 0.910976 
1.11651 3.20376 0.234977 0.783975 
1.49774 3.21506 0.718012 1.69374 
1.60908 3.83808 -0.247226 1.99309 
0.882536 4.46217 -0.215456 -2.24604 
1.11246 3.50194 -0.320973 -1.39135 
0.905887 4.4933 -0.321412 -0.359654 
0.950955 3.53155 0.0823208 -1.14524 
0.896387 3.24555 0.536989 -0.569009 
1.36287 4.06282 0.152481 -1.68555 
1.27367 3.86071 0.057123 1.69393 
1.72435 4.65913 -0.357785 -0.112168 
0.885163 4.47266 0.0347393 0.721058 
1.01325 3.86334 0.682067 1.72263 
1.46593 4.86888 0.421555 0.23508 
0.861352 4.42804 0.0953181 -0.856923 
1.65809 4.27912 0.158101 -2.48413 
0.97056 4.44874 -0.960313 1.33018 
1.52147 3.54744 0.951708 1.2902 
0.905878 4.06346 0.275116 -2.70443 
1.95757 4.71619 0.739498 2.48098 
0.879763 4.35648 0.0965273 -1.18337 
1.98185 4.00787 0.346011 -1.90332 
1.83525 3.65415 0.587609 -2.67598 
1.4477 4.21867 -0.504819 2.71347 
1.81073 3.44008 0.940815 2.37359 
1.36862 3.49708 -0.961196 -2.08436 
0.899547 4.39031 -0.0451544 1.51849 
1.0509 4.29 -0.655799 1.23611 
0.934492 4.57349 -0.06652 -0.900634 
1.1184 4.41843 0.382624 -2.67641 
1.29318 3.30724 -0.426383 -2.90444 
1.31409 3.79269 0.748261 0.5442 
1.51131 4.01847 0.56456 0.976686 
1.22391 4.85577 0.768285 2.92646 
1.60206 4.82466 0.471775 -1.50622 
1.45934 4.42336 0.816637 1.23777 
1.24278 3.76089 0.0743083 2.11006 
1.13735 4.43479 0.302088 1.77976 
0.904233 4.32908 0.166562 -2.58956 
0.882356 3.8003 0.427031 1.54739 
1.29775 4.78162 0.580573 0.114679 
0.953377 3.9088 -0.513149 1.56174 
1.5839 3.32983 -0.349434 3.03049 
0.903986 4.22467 -0.452224 2.10889 
1.37326 3.53003 0.347576 0.584373 
1.32914 3.48001 -0.793624 -0.990474 
1.90731 3.62978 -0.376664 2.64562 
1.4067 3.72386 0.425168 -2.10303 
1.72377 4.87144 -0.489825 1.91076 
0.868629 3.55394 -0.974837 -1.45154 
1.00027 3.47756 0.14185 1.09853 
0.827802 4.47107 0.155573 1.11507 
1.77759 4.83804 0.324951 -0.16526 
0.697429 3.58011 0.300012 -2.79928 
1.62269 3.63243 0.30818 -2.8668 
1.37149 3.51107 -0.391241 1.47531 
0.904094 3.51464 -0.191305 0.655484 
1.58384 3.82061 0.842544 1.8249 
1.3578 3.88652 0.627811 -0.387684 
0.896553 4.23671 0.575758 1.82311 
1.45442 3.6157 0.491959 0.569983 
0.916396 4.40952 -0.137613 -0.371756 
0.92498 4.64194 -0.853817 0.86661 
2.08391 4.12046 -0.0879675 -3.01264 
1.18897 3.37299 -0.368081 -0.718206 
1.38796 4.70892 -0.114321 2.47878 
1.58528 4.22491 -0.608383 -0.137277 
0.950833 3.23684 0.133565 1.6745 
0.819999 4.22482 0.579828 -2.86945 
1.70667 3.5139 0.388105 -1.74847 
0.991505 3.48816 0.553906 0.33276 
0.716594 4.00301 0.0271312 -2.42778 
1.26932 4.21328 0.383065 -0.766977 
1.23799 4.71415 -0.28994 -0.0233471 
0.932981 3.29179 -0.788381 -1.3789 
1.46622 4.51627 0.365938 0.697159 
0.873993 3.48718 -0.396457 -1.29451 
1.9636 4.71715 -0.363553 -0.233724 
1.24969 4.36701 -0.483082 2.93404 
0.670693 3.2096 -0.322475 1.62353 
1.30667 4.61905 0.876389 3.12902 
0.885511 4.03641 0.245469 1.75558 
0.910129 3.43807 -0.584946 2.8662 
0.871707 4.39371 -0.511526 1.97812 
1.37152 3.4549 -0.210905 2.4439 
0.89024 4.11215 0.432736 -1.06463 
1.96754 4.04712 -0.0253762 -1.93925 
0.959754 4.7109 -0.695679 0.623887 
0.889539 4.13032 -0.865437 -0.0764974 
1.5949 4.89369 0.635802 2.09241 
1.77621 3.70679 -0.555116 0.0656077 
0.636042 4.69696 -0.732472 0.071666 
0.902065 4.30534 0.200018 -1.68402 
0.895433 3.66919 0.66144 0.202157 
0.900959 4.56467 0.402217 -1.16469 
0.914462 3.33846 -0.0564455 0.555435 
1.37956 4.4337 -0.363862 -0.467178 
1.37635 4.23521 0.383148 -0.154328 
0.87631 3.60146 -0.174217 2.04631 
0.862385 4.383 0.8676 2.83373 
1.03899 3.60412 0.400148 -0.549313 
1.39143 4.74373 -0.7306 2.18677 
1.66076 4.07091 -0.0030814 -0.158813 
0.844593 4.45382 0.239526 0.65437 
1.60002 3.69352 0.583874 -1.79813 
0.897339 4.16657 -0.742006 1.84476 
1.72 3.44474 -0.143176 1.7677 
1.8084 4.34801 0.384626 -0.63442 
0.882443 4.17521 0.700458 3.03782 
1.00859 4.65246 -0.0295786 -2.59334 
1.07593 3.82475 -0.0599345 1.34366 
0.913149 4.43742 -0.242814 -2.88134 
1.53954 3.65056 -0.838713 -0.666578 
0.893583 4.52243 0.134234 0.995979 
0.930839 4.60897 -0.219934 -1.34896 
1.31094 4.89175 -0.893959 -0.970908 
1.80504 3.60995 -0.643357 2.68621 
0.906581 4.2862 -0.531565 -1.68058 
1.40977 4.7534 0.345596 1.85671 
1.22923 4.28567 -0.183493 2.24309 
0.863672 4.04268 -0.876322 2.05049 
0.883931 3.60648 -0.684632 -1.3407 
1.20797 4.42014 0.172082 -0.953392 
0.943524 4.50738 -0.305787 -2.23643 
1.49263 4.51159 -0.190843 0.229156 
0.88039 4.01499 0.14102 -3.10525 
1.53928 3.63932 0.432825 -1.85264 
1.89786 4.69559 0.81866 2.21561 
0.893274 4.18176 -0.801076 -0.202454 
0.928173 4.27653 -0.887403 0.7045 
0.917495 3.56655 -0.462052 3.13414 
1.42412 4.45934 0.911765 2.15163 
0.897376 3.25552 -0.222338 -0.200708 
0.839948 4.33813 -0.0741082 2.06234 
1.69572 4.23593 0.207064 -1.47585 
1.52168 3.44446 0.153106 -2.97762 
0.906763 4.05603 0.991682 0.575217 
1.05424 4.23316 -0.671842 -2.39137 
1.01682 3.21478 -0.289368 -2.11277 
0.901486 3.46164 -0.878883 -0.351613 
0.890129 3.25167 0.183872 0.818328 
0.976648 4.03622 -0.966442 -2.54806 
2.07537 3.88276 -0.365848 -1.69982 
0.860766 3.95853 0.889768 1.33037 
0.842326 4.33233 -0.220823 -1.75554 
0.888753 4.37479 0.0650966 -0.895046 
0.842486 3.53653 0.373546 -1.50234 
0.900215 3.30748 -0.0276095 0.90832 
1.07117 4.77101 -0.668104 -1.90086 
1.87013 3.45015 -0.705258 -2.72221 
0.966036 3.93241 0.303042 -1.19804 
0.90811 3.79671 -0.736434 2.28295 
1.549 4.34851 0.502235 -0.923759 
0.975862 3.71043 0.0312977 -0.268245 
0.9006 3.26903 -0.474362 2.59838 
0.876893 4.56428 0.418653 2.59964 
2.00901 3.72568 0.0895652 0.0740489 
1.46935 4.35339 -0.549129 -2.54101 
0.918125 4.51468 0.883774 1.12515 
2.15765 3.72772 -0.405773 1.46982 
2.11066 4.6307 0.414765 -0.671208 
0.952643 3.29621 0.347599 -0.393234 
0.880405 4.59216 -0.150048 2.54215 
0.899981 3.9773 -0.117378 -1.19135 
0.866075 4.04241 0.800351 -2.14256 
1.12012 3.24865 0.937291 -1.05252 
1.02169 4.08173 0.324976 2.02645 
2.1595 3.85451 -0.118353 0.848425 
0.900993 3.55588 0.104491 0.795908 
1.49533 4.71998 0.371772 0.0664198 
0.883093 4.57136 -0.302557 -0.458104 
1.40854 3.23667 0.795632 -0.117088 
1.41349 3.71946 0.536639 -2.42804 
1.49372 4.5056 0.0865343 -2.89322 
1.42084 4.74917 -0.0798759 -0.308959 
0.911562 4.48891 0.0332157 1.97656 
0.896016 4.09325 0.111038 -0.607087 
1.59133 3.99346 0.467839 2.23773 
1.53996 4.02978 0.801269 2.76626 
0.802029 4.00879 -0.881368 0.938644 
0.924779 3.28645 0.159541 -2.84194 
1.26868 4.81735 -0.334511 1.20416 
0.876378 4.18216 0.838316 -1.85971 
0.917452 4.40718 0.467039 2.34103 
0.895632 4.3167 0.0658219 -1.50733 
1.08873 3.85866 -0.545065 0.232056 
2.10317 4.01973 0.714078 0.346762 
0.913248 4.58968 0.202441 -0.524632 
1.41791 4.22529 -0.0186028 2.08318 
1.48768 4.85472 0.041506 -0.130784 
0.893031 3.95835 -0.436345 1.944 
1.62051 3.48885 0.403112 -2.09937 
1.14922 4.10382 0.819563 -0.987488 
1.43008 4.22239 -0.131202 -1.94273 
1.04079 4.5109 -0.325581 2.69368 
0.877197 3.57381 -0.0198102 0.554408 
1.06586 4.49687 0.419267 -0.884594 
0.905512 4.56894 -0.188423 0.186952 
0.991972 4.27293 0.0738426 -0.449133 
1.88036 3.37115 -0.361875 2.69051 
0.904889 4.09332 0.524607 -2.26937 
1.08026 3.22758 0.253531 2.65963 
1.34252 4.30731 -0.47037 0.716222 
0.890995 3.75679 0.408501 0.256166 
1.45193 4.51177 0.76377 0.991742 
1.42416 4.50437 -0.254907 -0.405098 
0.895994 4.47731 -0.0986355 -2.28428 
0.859491 4.37519 0.0991401 2.05781 
0.876048 4.51069 0.220008 1.5022 
1.32369 4.59843 -0.105837 -0.957615 
1.51313 4.88966 -0.224429 2.24225 
1.43457 3.80856 -0.390103 0.558292 
1.42979 4.56897 0.309439 0.913068 
1.19734 4.44317 -0.610155 -1.3238 
0.761931 4.37524 -0.490668 0.19108 
0.910243 3.3239 -0.537447 1.4276 
0.849151 4.33093 0.502983 -1.56667 
0.91947 4.58268 -0.444233 -0.190207 
0.836672 3.96757 0.649333 -1.65324 
2.17546 3.39658 0.0228345 2.76099 
1.67315 3.29078 0.624816 1.31185 
1.68788 3.87824 -0.676488 -2.43462 
0.904604 4.08384 -0.0900261 0.976667 
1.95948 3.49669 -0.295177 -1.20453 
1.52249 4.01705 0.267085 -1.85537 
1.56232 3.80335 0.470482 1.57586 
1.90516 4.67023 0.653368 2.53578 
1.69139 4.46436 -0.754992 -0.165832 
1.21796 4.27778 -0.857114 -0.441892 
0.914003 4.25295 0.755107 -1.39828 
1.47908 4.35638 0.206969 1.27413 
1.4852 3.6183 0.653266 -2.52531 
1.46508 4.51497 -0.761309 -2.25749 
1.15952 4.07695 -0.846794 -0.441476 
1.38012 3.44115 -0.179762 0.494063 
0.88246 4.3929 -0.585456 -0.411527 
0.904581 3.41329 -0.487248 -1.14398 
1.71462 3.61308 -0.761293 1.13481 
1.46602 4.6948 -0.528397 2.77413 
0.905625 4.46798 0.226129 -1.01027 
1.30067 4.86085 0.130189 2.36171 
0.926092 3.50914 -0.139327 0.85014 
1.11113 4.41361 0.734393 2.48456 
2.1299 3.23453 -0.354826 2.40576 
1.25537 4.89054 0.461538 0.978453 
1.38827 3.951 0.90179 -0.0481123 
0.897038 3.54027 -0.0240382 0.273871 
1.29358 4.14566 -0.213562 2.18229 
1.55624 3.8112 0.00118395 -0.277414 
1.03611 4.6264 0.330451 2.24474 
1.11448 3.56924 0.534113 -2.76882 
1.43825 4.09135 0.539798 2.89796 
0.901959 4.57787 -0.901295 -1.84714 
1.21394 4.31364 -0.258417 -0.496191 
1.59978 4.4648 0.35128 -0.231896 
1.16774 3.38378 0.839192 -3.12619 
0.90987 4.23351 0.331867 -0.939216 
0.817133 3.50749 0.125129 2.07633 
0.863471 4.11414 -0.554592 -1.11842 
0.913859 3.44122 0.220802 2.00005 
0.91287 3.8972 -0.666506 -0.664956 
1.3306 3.94465 0.783768 -1.40703 
0.889329 3.371 0.291959 -1.88305 
1.90153 4.26988 0.0395407 1.60576 
0.935808 3.36639 0.793935 1.94918 
2.14155 4.6535 -0.313001 1.29229 
1.26537 3.38189 -0.32999 -2.65809 
1.29288 4.51918 -0.0266364 1.79043 
0.935472 3.58446 -0.842813 0.655223 
0.866008 3.77992 0.0241559 2.87356 
1.97085 3.84745 0.678941 -1.47273 
0.921369 3.65161 0.154527 -0.470063 
0.910563 3.89075 0.58058 -0.514097 
1.07311 3.87238 -0.212254 1.58757 
0.649137 3.31516 -0.3143 -2.10172 
1.64314 3.49715 0.968432 -2.03404 
0.903095 3.6197 -0.816233 2.97673 
0.694009 3.79725 -0.793998 1.11559 
0.787544 3.28261 0.753213 2.99836 
0.843872 4.12682 -0.805446 -0.987044 
1.1149 4.77625 0.118454 0.197563 
1.6286 3.91783 0.417313 0.31708 
1.66425 3.78045 0.567765 1.82097 
0.913445 3.66942 0.954597 0.220589 
1.62017 4.02187 -0.446237 2.80061 
1.43551 4.72211 -0.531292 -1.32536 
1.71271 4.40094 0.336007 -1.53524 
0.835993 4.23254 0.833942 -3.0163 
0.852507 3.92938 0.328101 -2.98409 
1.56798 3.97657 0.138895 -0.536065 
1.4195 3.59718 0.823276 -1.54984 
0.825467 4.31356 -0.550126 -2.51595 
0.825783 4.81265 0.0373944 -1.40536 
1.49383 4.21419 -0.172019 -0.0895477 
1.24715 3.57101 -0.767103 2.00299 
0.87901 4.14249 -0.315793 0.0547011 
0.86768 3.38279 -0.517867 1.6997 
1.99734 3.95977 0.0763125 1.21662 
1.62685 4.63891 0.306064 0.759601 
0.85577 3.41802 0.706582 -0.302396 
0.86289 4.00381 0.643395 0.662786 
1.45472 3.78923 0.163576 -0.972639 
0.833562 4.51947 -0.905877 -1.7252 
0.942407 3.37316 0.0937778 -0.953193 
0.928898 3.32613 0.76443 -0.90231 
0.988501 4.13089 0.580718 1.64256 
1.48944 4.41203 0.373768 -0.692557 
1.49987 3.91027 -0.54183 -1.59317 
0.773208 3.7275 -0.484417 2.02554 
0.921156 3.35183 -0.494626 -1.28468 
1.34731 4.23046 0.0819525 -0.577674 
0.815883 4.26606 0.62532 0.557666 
1.54953 3.24121 0.725127 -3.04412 
1.80601 4.0411 0.416199 1.25101 
1.2019 3.93544 -0.701197 1.63541 
1.64942 4.14245 -0.755797 2.43432 
1.01509 3.59847 0.466215 0.439041 
2.15753 4.58228 -0.166183 -2.00724 
1.00073 3.48014 -0.893883 0.674414 
0.889172 4.5158 0.18153 -2.00925 
1.51805 4.21856 0.238891 -1.7578 
1.07149 4.0956 -0.453416 2.43324 
1.52097 3.44776 -0.788743 2.18243 
1.01732 4.01572 0.646399 1.18155 
1.23601 3.47107 0.684652 2.32992 
0.924052 3.67851 -0.987597 0.948593 
1.936 4.34223 0.802622 0.888994 
1.85356 3.4914 -0.0139578 -0.0465108 
1.33268 3.89118 0.390356 -0.0642509 
0.89375 4.31589 0.658071 -0.0772495 
1.91199 3.54112 -0.0877311 2.36898 
0.787461 4.33072 0.747559 2.13601 
0.885753 4.1542 0.974169 -2.54637 
0.885126 3.65553 0.797012 -1.05258 
1.31001 3.67337 0.227059 2.42864 
1.30405 3.90375 0.985035 1.95869 
1.8913 4.2857 -0.00384087 1.29332 
1.38601 4.28743 0.94798 2.70783 
0.880456 4.21667 -0.550958 -0.626561 
0.91541 3.41482 -0.450838 -3.06078 
2.01184 3.20853 0.846843 -2.22873 
1.3635 4.42902 -0.432133 -2.54107 
0.890634 3.92187 0.705765 -3.07413 
1.26669 3.34641 0.338014 2.45715 
0.886647 3.61294 -0.849922 1.89259 
1.5276 3.59815 -0.640505 -1.58238 
1.86431 4.25646 0.68211 0.701878 
1.20298 4.27149 0.923043 -1.97273 
0.921439 4.42382 0.168375 2.45328 
0.8713 4.27418 -0.213707 1.6235 
1.40372 3.22087 0.99604 -2.13593 
1.94899 3.50716 0.742046 1.6374 
0.917027 4.1725 -0.31764 1.60925 
0.950031 4.84913 0.677536 -2.99577 
0.76294 3.23349 -0.195011 -0.542616 
0.925806 4.20632 -0.819514 0.0770529 
0.922456 4.2877 -0.0181388 0.56087 
1.5407 4.15924 0.26399 0.862353 
1.49464 3.20826 0.681968 -0.846163 
1.34823 4.43334 -0.876369 -1.60406 
1.86185 3.92251 -0.0433694 -0.658219 
1.42639 3.61676 -0.674292 -0.31052 
0.758746 3.67061 -0.441602 1.43798 
0.652183 3.95765 0.0435056 0.241049 
1.9337 3.89681 0.994284 0.481288 
0.897143 3.37751 0.774988 2.034 
2.00715 3.78189 0.791707 1.25032 
1.62447 3.5101 -0.478445 2.21613 
1.8366 4.88742 -0.726969 1.62906 
2.08538 4.10169 0.0839292 -1.14691 
1.32733 3.8225 -0.330427 -0.539609 
0.909643 4.46749 0.448748 -0.195974 
0.839164 4.09264 0.899438 -2.2051 
1.16156 4.42824 -0.826834 1.9921 
1.67888 3.2039 0.650972 -1.12243 
1.17683 4.12846 -0.942262 0.286943 
1.98072 3.45748 0.188674 1.4683 
1.28992 3.47415 0.482266 -2.51146 
1.37382 3.6931 0.418632 1.34132 
2.16866 3.49303 0.320237 1.52791 
1.17285 3.67051 0.567933 1.20934 
1.6521 3.57327 0.738727 2.35914 
1.49126 3.82972 0.555817 -2.08128 
0.926086 3.71677 -0.985565 -0.247869 
1.82026 4.72618 -0.250562 -2.91705 
1.83425 4.31343 -0.209914 -2.10735 
0.905073 3.33213 -0.10264 2.76028 
0.864579 4.38134 0.791025 -2.067 
0.942128 4.36417 -0.250251 0.726429 
1.79398 3.2167 -0.11054 -0.306864 
0.872089 3.66509 0.477582 -2.85078 
1.52591 4.40618 0.790426 -2.13767 
0.892967 4.13225 0.361874 2.40596 
0.970961 3.47696 0.411803 -0.5392 
1.04805 4.17331 -0.391681 -3.14057 
1.63604 3.67972 -0.598255 -0.867174 
1.93703 4.54516 -0.613687 -0.625925 
0.924873 3.59103 0.577305 -1.55271 
0.930485 4.61439 0.25632 -1.19164 
1.80526 4.67588 -0.970856 1.4647 
1.42524 4.62586 -0.31994 -1.70108 
1.18559 4.59075 0.608434 -2.94608 
1.73225 4.4914 0.321068 2.46775 
1.99779 4.23746 -0.493208 2.95969 
1.10013 3.56662 -0.0405602 -1.65717 
2.03392 4.70076 -0.244226 -2.37019 
1.12256 3.9444 0.632963 0.123595 
0.880223 3.99099 0.450452 1.74484 
0.752636 4.49131 -0.778233 -1.90799 
0.865172 4.39293 0.744464 0.0307317 
1.30021 3.68141 0.571647 0.744739 
1.04714 3.5598 -0.228056 0.852462 
1.24898 3.91041 -0.640398 0.984374 
1.46905 3.9626 -0.958792 -2.74359 
0.850681 4.11054 -0.680379 -0.271841 
1.92012 4.06972 0.870864 0.751606 
1.57707 4.84495 0.77676 -1.42223 
1.67142 3.72379 0.760273 -0.494345 
0.95541 3.54955 0.107559 -0.615945 
0.93297 4.581 -0.162791 0.899866 
0.993043 4.58983 0.339323 -2.20505 
1.89197 4.75684 -0.599464 -1.75727 
0.928 4.36791 -0.115285 0.5153 
1.15307 4.08821 -0.875786 -0.573549 
1.78418 3.52278 -0.833723 2.14158 
0.895557 3.43951 0.803117 -0.922766 
1.30877 4.37881 -0.350682 -1.2761 
0.868049 4.29069 0.515482 -2.16651 
1.22094 4.87467 0.530346 2.16222 
1.20279 4.68767 -0.221147 0.541555 
0.898095 4.46791 -0.0291844 -0.761843 
0.734179 4.48577 0.710647 -2.80231 
0.867309 4.45283 0.811152 -3.07054 
1.26266 3.83267 -0.479736 3.08163 
1.10336 3.59723 -0.28073 -1.33177 
0.882552 4.41426 -0.593439 -0.499299 
1.5401 4.60345 0.779355 2.51733 
0.89519 4.40722 -0.322487 -1.8766 
1.70171 4.16978 0.42203 0.625315 
0.95653 4.54431 -0.170191 -2.49587 
0.865187 4.56228 -0.402906 -2.14248 
0.893514 4.5291 -0.814218 0.373806 
0.915143 4.55268 -0.0619677 -1.04587 
0.895994 3.56002 0.965287 2.30753 
1.05192 4.64611 -0.0781094 0.55582 
0.880499 4.58423 -0.289319 -2.19267 
1.14332 3.97628 0.0127744 0.689536 
0.878977 4.46858 -0.336868 1.77937 
0.904301 3.56553 0.207145 -2.32034 
0.971987 4.67814 0.616918 -2.47852 
1.64033 3.61083 -0.744273 2.05287 
1.50242 3.5288 -0.299486 0.431891 
1.30321 4.57773 0.66111 -1.29724 
1.42811 4.60887 0.10042 0.736943 
0.937339 4.60619 0.201168 -2.77516 
0.931392 3.66773 0.696549 -2.30121 
1.36587 4.18524 -0.692299 -1.71024 
0.902257 3.24716 -0.0686476 -2.58836 
2.10286 3.93241 -0.379703 -2.15306 
1.33075 4.7022 -0.266299 0.593943 
1.90189 3.22422 0.531349 -0.278605 
0.85344 3.62763 0.400867 -0.460481 
0.89398 4.54713 0.831027 -1.52866 
0.929955 4.48791 0.885457 1.90557 
1.76316 4.03166 -0.782292 0.166071 
1.36099 3.49393 -0.568183 -0.185945 
1.25598 4.59923 0.108926 -1.96597 
1.34426 3.60921 0.876776 2.21117 
1.51648 4.63484 -0.772283 -0.551337 
2.0365 3.22234 -0.65853 1.11686 
0.871878 3.32697 0.401077 0.00151241 
1.83417 4.42487 0.85819 -2.76927 
1.52939 3.44199 -0.136579 3.06481 
1.92896 4.54531 0.723618 -2.49914 
1.20004 4.57826 -0.349421 -2.85456 
1.22851 4.78001 0.292331 -3.10816 
0.905236 4.5809 0.246665 -0.321412 
0.941772 3.25722 0.348007 -0.157726 
0.90439 4.46867 0.994995 -0.781407 
1.28695 4.52041 0.0920939 -2.55456 
1.9927 4.20993 -0.41182 -1.32311 
2.00089 3.76538 0.575676 -1.22773 
1.28508 3.47877 0.336607 0.163257 
0.928194 3.54788 -0.160765 -1.0054 
0.893942 4.51434 0.947632 -2.104 
0.843089 4.3255 -0.765707 1.10932 
1.32444 4.1018 0.269819 1.6394 
0.881814 4.53936 0.133134 -2.23542 
1.68389 3.94199 -0.976556 1.26276 
1.80335 3.38293 -0.850899 1.70614 
0.956191 4.33941 -0.129363 0.502292 
1.25837 4.7079 -0.579993 -0.871682 
1.0724 3.45818 -0.334181 0.575906 
1.85758 4.00482 -0.891751 -1.75738 
1.89537 4.45482 0.401136 -1.87369 
0.802785 3.78294 0.631214 -1.4314 
0.878186 4.37074 0.0409219 -0.981089 
0.86719 3.48405 -0.165484 1.7698 
0.726242 3.81475 -0.130898 1.22562 
0.910325 3.80554 -0.609159 -1.86957 
0.891292 4.47437 -0.138039 -2.23445 
1.59989 3.26997 -0.973073 2.77251 
0.648561 3.91717 0.146149 0.571288 
0.912265 4.31518 -0.60782 0.0494033 
1.38813 4.57207 -0.424592 1.00982 
0.854847 4.1943 0.0260411 -2.50262 
0.892633 3.8842 0.900587 -0.239137 
0.860208 4.54577 -0.0725029 -2.58428 
0.899996 4.01049 0.269439 -0.145821 
0.858165 4.08652 0.0721137 -0.534867 
1.62334 4.55409 0.34891 -2.93698 
0.895386 4.49698 -0.333514 -1.24803 
1.32944 3.5577 0.0604994 0.113694 
1.34268 4.53883 -0.319121 -1.11606 
2.11619 4.30646 0.640964 1.87472 
0.927915 3.48727 0.282587 -2.72443 
0.889282 3.27751 -0.689598 0.741316 
1.2432 3.51252 0.412313 -0.00516324 
1.96725 4.38034 0.195436 0.954821 
1.54659 4.3188 0.337695 1.37542 
0.978165 4.67018 0.257479 2.89984 
1.56779 4.4823 0.935293 2.82483 
1.61333 3.96969 -0.403549 2.9751 
0.881285 4.00824 0.0171599 -0.237754 
2.08846 3.69125 0.434744 -2.60935 
1.73031 4.75404 0.227007 -0.352386 
1.15227 3.7796 -0.995296 1.94472 
1.33948 4.36072 -0.549076 -0.854556 
1.68972 4.76846 0.708187 -1.28498 
1.25695 3.48558 0.0648642 -2.35134 
1.1406 3.61912 0.523629 3.12912 
0.902642 3.34414 0.102617 -2.99447 
0.83788 3.36577 0.091366 0.425751 
1.47945 3.93292 0.267866 -0.35254 
1.71693 3.53597 0.409194 1.31182 
1.36643 3.65923 -0.0442222 -0.15557 
0.977213 3.2492 -0.43926 -2.61606 
1.33 4.515 0.744628 1.49528 
2.1418 4.67944 -0.308009 1.21591 
1.8565 4.86956 0.5325 -3.07511 
1.07754 4.60791 -0.155807 -3.04034 
1.12892 3.62382 -0.0237283 -0.111987 
1.76876 3.24103 0.284974 2.62009 
1.45631 3.71291 0.0576798 -0.0896333 
1.53844 3.58951 0.16743 0.250195 
1.59041 3.35705 0.676463 2.98374 
0.920606 3.34494 0.520591 -0.901332 
0.88346 4.20015 -0.176792 0.544235 
0.961045 4.50553 -0.644249 -1.74703 
0.902353 3.54364 0.214386 -1.85029 
1.72638 3.48199 0.277954 2.55861 
1.35571 3.28599 -0.4593 2.56113 
2.10884 4.43398 -0.676895 -2.9889 
1.23827 4.82002 0.502389 -1.96107 
1.75822 4.35835 0.507332 0.51866 
0.864276 4.07273 0.469709 -0.894747 
1.71102 4.54859 -0.484121 -1.80973 
0.892941 3.39724 0.674269 0.339923 
0.87456 3.81148 -0.445188 1.41728 
0.856115 4.492 -0.308207 -1.31377 
1.24416 4.33318 0.101299 2.59608 
1.68071 4.32398 0.886932 -1.75375 
1.19629 4.32623 -0.0017123 -1.09948 
1.75493 4.59692 -0.960302 2.33056 
0.807756 3.96049 -0.547333 -0.482317 
1.32306 3.50154 -0.845918 -2.16132 
2.1423 3.65325 0.365403 3.08144 
1.49218 3.93903 0.173601 1.40063 
0.918237 3.623 0.29482 1.47288 
0.90704 4.49585 -0.48861 -2.94803 
0.930333 4.63594 0.561017 1.69604 
0.936792 3.52784 0.723171 1.6698 
1.27234 4.30491 0.0409696 -1.48266 
0.877629 3.51489 -0.360734 2.42106 
0.894374 3.36647 0.0576755 1.59799 
1.08285 3.98782 0.0754921 0.563919 
0.890451 3.62142 0.376898 -1.93923 
1.61517 3.69046 0.65241 -2.79364 
0.866495 4.27739 0.792654 2.65391 
0.876811 3.4062 -0.91081 -0.459218 
0.905625 4.59368 -0.466858 1.93624 
1.52458 4.56995 -0.858781 -0.730163 
1.08229 3.49028 -0.621479 0.995353 
2.09357 4.31719 0.6621 -2.27685 
1.36743 3.50615 -0.246089 2.7838 
0.96125 3.46659 0.415212 1.14838 
0.904204 4.03902 -0.648556 -2.81133 
1.37544 3.8705 -0.172643 -0.866328 
1.88698 3.65951 0.69784 -0.054302 
1.76169 4.41991 -0.234538 -0.36765 
0.734713 3.58979 -0.745488 -2.98984 
2.12211 4.73266 -0.718997 -0.689964 
2.02211 4.10961 -0.872434 1.21616 
1.77737 4.76202 0.671905 2.64207 
1.11114 3.59567 0.062218 -2.37552 
0.904033 4.00527 -0.484918 -0.710164 
1.35515 4.52277 0.642122 3.10412 
0.899771 3.32211 -0.707646 -2.75308 
1.58813 4.25188 0.83036 2.12008 
1.54187 3.88572 0.423987 2.1569 
0.923334 3.98096 -0.424237 -2.99745 
0.911578 4.11116 0.80615 -1.77439 
1.28014 3.72177 -0.658858 -1.02955 
1.30748 4.64069 0.358781 2.65721 
1.96036 3.97438 -0.192749 2.0851 
0.886309 3.76451 0.194662 1.16644 
0.894303 3.28919 -0.961043 -2.13112 
1.93649 3.42033 -0.921616 -0.423633 
0.734554 3.65627 0.525993 2.85094 
0.73447 4.17772 0.0144765 -1.25247 
1.17498 3.25037 -0.213283 -0.880927 
0.861489 4.27122 -0.920137 -1.25737 
1.12162 4.24558 0.913055 -2.11381 
0.883407 3.65188 -0.366729 1.52186 
1.45974 3.87601 -0.150237 0.257993 
0.864204 3.43568 -0.746294 1.73288 
1.21834 4.35252 -0.707214 -1.13374 
0.866502 3.41837 -0.286015 0.511424 
1.65042 4.14499 -0.189977 -0.729486 
1.2 4.35878 0.774148 0.432735 
0.881796 4.58014 -0.40286 -2.56845 
1.44173 3.71786 0.22957 0.543211 
1.8093 4.5715 0.627985 -2.66763 
1.98972 4.23625 -0.289425 0.50167 
0.923587 4.37678 -0.408047 1.30631 
1.21975 4.63022 0.965093 2.18883 
0.803304 3.86365 0.657477 -0.760634 
1.03876 3.41703 0.057691 0.945067 
1.06131 4.46948 0.798108 1.97224 
0.929844 3.50556 0.471758 2.92511 
0.994514 3.60262 0.485883 -1.87373 
1.9371 4.57294 -0.380754 -1.08564 
0.841751 3.2929 0.0241025 0.685393 
2.16105 4.73087 -0.456969 -2.89226 
0.923119 4.49357 -0.539794 -1.39447 
0.913934 3.30623 -0.776185 -2.47359 
0.892172 4.64011 0.710711 -0.280219 
1.46441 4.50176 0.0208392 1.22872 
1.05562 3.45698 0.29762 0.809044 
1.21833 3.42988 0.494887 2.57555 
0.753673 3.58334 -0.251591 2.10754 
1.28808 4.79563 -0.844233 -1.96473 
1.11027 4.36008 0.971902 -2.88196 
1.61942 4.49625 0.0384648 -0.386042 
1.2219 3.63825 -0.258183 0.77191 
1.97014 4.21881 -0.437045 2.3539 
1.36261 3.69385 -0.819191 -2.4601 
0.904245 3.24519 0.843151 -0.538738 
2.16526 4.24365 -0.378139 0.314557 
1.46408 3.4439 -0.512617 1.76763 
1.41858 3.54138 -0.383951 0.197587 
0.925406 3.95313 0.749459 -1.34503 
1.45931 4.47075 -0.655624 0.0104094 
1.16831 4.09607 0.0663411 -2.53719 
1.45853 3.40267 -0.725285 1.63061 
1.95913 3.26205 0.909457 -2.61191 
1.32313 3.50347 -0.231206 -1.22338 
0.919397 4.05598 -0.720509 -1.04986 
1.20437 3.49429 0.812676 1.75768 
0.894735 3.3597 -0.740438 -0.18677 
1.40917 4.66714 -0.515443 -0.214108 
1.78338 4.38971 0.798557 0.704756 
0.863912 3.59247 0.847525 -2.50077 
2.03183 4.15332 -0.33444 2.06694 
0.875845 4.14122 -0.510869 -0.14866 
0.970341 4.63691 0.0939254 -2.18855 
0.882605 3.25072 -0.0754886 -0.706905 
1.85221 3.80146 0.175599 -1.90416 
0.840074 4.44882 0.653092 -2.55982 
1.51308 4.28544 -0.354307 -0.732519 
1.05874 3.27783 0.799969 -2.75868 
1.36307 4.78026 0.243632 0.692303 
0.680169 3.7645 0.611196 -0.718809 
0.897266 3.65215 0.253909 -0.439011 
0.897128 4.29247 -0.389486 -2.00259 
0.859214 4.54582 -0.0694743 -2.40996 
1.15986 3.34586 0.849148 1.58895 
0.711135 3.95553 -0.59766 1.28623 
1.28275 4.31927 -0.944983 -1.39702 
1.19117 3.71689 0.596447 -0.121395 
2.15365 3.33572 0.376847 2.241 
1.15598 3.50332 -0.653337 -1.07146 
0.928742 4.11293 0.655674 -0.673979 
1.38076 3.45472 -0.0605173 2.58164 
0.882122 4.25935 0.604714 2.28538 
1.01878 3.64715 -0.471423 2.411 
0.986039 4.66429 0.872313 -1.10453 
0.877095 4.26087 0.924833 1.29287 
0.902752 4.46295 0.660299 -2.76295 
0.884896 3.35699 0.431068 2.22806 
1.95757 4.0278 -0.487718 -1.39885 
1.04031 3.24715 0.115915 -1.10974 
1.04662 4.10094 0.314498 2.50172 
1.10114 3.38285 0.955788 1.66367 
1.55785 3.86621 -0.311829 1.16163 
0.893725 3.94101 -0.864816 -0.340072 
0.886712 3.91774 0.922118 -0.710101 
0.956188 4.00698 0.468449 0.0227392 
1.67357 3.85419 0.67819 -2.10894 
1.46431 4.22882 -0.824848 -2.94872 
1.73907 4.15692 0.895456 -3.07669 
2.04635 4.22151 0.900119 -0.354793 
0.905428 4.74763 -0.706944 0.865658 
0.905098 4.48361 0.245819 1.48461 
1.4196 4.06285 0.118433 0.52663 
1.96376 4.24614 -0.267907 -0.331651 
1.683 3.78754 0.868753 2.10584 
1.99612 3.58574 -0.552799 2.00999 
1.89719 4.00802 0.527227 -2.47609 
1.31136 4.76897 -0.894828 -2.5506 
1.82141 3.86975 0.760166 0.282927 
0.913325 4.13551 -0.288824 2.51946 
1.00045 3.37194 0.563339 0.300741 
1.36228 3.42008 -0.139313 -0.268317 
1.38772 3.60021 -0.38534 1.08142 
0.870417 4.53278 0.112527 0.516119 
0.906202 4.14981 -0.706616 0.542986 
0.853348 4.46062 0.634968 -0.663434 
1.662 4.73371 0.646924 0.629846 
2.14853 4.1758 -0.105938 1.97147 
1.13506 4.83842 -0.061942 0.782597 
0.866256 3.27815 -0.040564 -2.86282 
1.04572 3.6741 0.604533 0.382155 
1.27979 4.75442 -0.271993 1.80707 
1.48062 3.98793 -0.589694 -2.74492 
1.43401 3.58849 -0.0147333 2.22381 
1.69476 4.72749 -0.690089 1.59607 
0.905197 3.60449 -0.648636 0.511974 
0.904265 4.48223 -0.468053 0.804766 
1.72532 4.18312 -0.735486 -2.91406 
1.81557 4.62769 0.977358 1.90316 
0.927615 3.48267 0.254879 0.806659 
0.889052 3.38585 -0.42043 0.7804 
0.838287 4.13766 -0.576582 1.34209 
1.47147 4.13349 0.592227 1.28006 
0.882421 4.30725 0.522016 1.76876 
1.79297 4.1257 0.582798 1.77505 
1.30434 4.54903 0.199341 -0.963074 
0.948688 3.47593 -0.0337661 -0.402755 
1.25088 4.41997 0.544762 -0.211691 
1.34862 3.48629 -0.168271 -0.788064 
1.31248 4.77852 0.376083 1.67526 
1.48185 4.04031 0.644542 2.44178 
1.6631 4.76684 -0.690359 2.90936 
1.76932 4.44666 -0.37081 2.70619 
0.911283 3.95358 0.495525 1.7478 
0.897132 4.07631 -0.246973 -2.79967 
1.0343 4.31828 -0.354062 -0.806702 
1.40278 3.9645 -0.769098 0.219887 
1.57653 4.18309 0.540323 2.87786 
1.13843 4.47987 0.821174 0.882614 
0.907765 3.77703 0.534629 1.43817 
1.43441 4.53527 0.400651 -2.55287 
1.13221 4.23999 0.921411 -1.58524 
2.16667 4.09556 -0.18859 -0.952864 
0.873771 4.2175 -0.686263 -0.254154 
1.12996 4.12824 0.974684 -2.75963 
1.40402 4.60518 0.62283 -1.3367 
1.20249 3.67243 0.6935 0.845949 
1.3939 3.40611 -0.94446 -1.46087 
0.898375 3.65582 -0.508607 2.88305 
0.861292 4.16776 0.444087 1.55667 
1.10943 3.34786 0.769507 2.22139 
1.82581 4.1989 0.803289 1.78678 
0.893884 4.27995 0.41733 0.162465 
1.97281 4.32112 0.99399 -1.92734 
1.79928 4.06761 0.955398 -1.67806 
1.59858 3.9041 -0.820536 2.94769 
1.01965 3.47507 0.0760971 1.26244 
1.29712 3.49973 0.896644 0.355537 
0.910732 4.01375 0.59082 2.41578 
0.908131 4.42211 0.261618 1.71213 
0.867572 4.05063 0.341938 2.50941 
1.46609 3.49947 -0.696418 -0.897018 
1.4512 4.40831 -0.00833928 -2.35239 
1.12578 3.34712 -0.531324 2.95468 
1.25063 4.70181 0.0628407 -2.20188 
1.72825 4.0039 0.907913 -2.25488 
1.27285 4.79827 -0.758736 1.26685 
0.893488 4.57715 -0.103763 -0.831259 
0.854947 3.41131 0.21701 0.218423 
0.904915 4.50966 -0.535538 2.27079 
0.892121 3.90212 -0.330512 0.762856 
1.00476 3.72104 0.88431 -2.23362 
0.795698 4.40556 0.255623 0.661291 
0.992009 3.66102 0.652618 -0.33351 
0.851235 4.36578 -0.651147 2.79696 
1.04984 3.85757 -0.405772 -0.614282 
1.17648 4.64426 0.61143 2.57788 
1.86537 3.65442 0.246801 0.85631 
1.71619 3.5942 -0.223678 1.00461 
0.8773 3.67541 0.648571 0.294914 
0.883909 4.39192 -0.0963146 1.69169 
1.97885 4.01614 -0.361415 -2.52771 
1.41532 4.34099 0.0484913 -2.94707 
0.982322 3.50037 0.700569 2.74215 
1.63705 4.1763 -0.344757 -0.59411 
1.25247 3.55178 0.910919 2.67921 
0.883228 4.83742 -0.784437 0.767793 
0.823625 4.28367 -0.251831 -0.626111 
0.892373 3.87649 -0.504334 2.4495 
0.79582 3.34707 0.418175 1.87202 
0.889023 3.73255 -0.0684496 1.51481 
1.18766 4.60761 0.663749 1.4561 
0.880979 4.80983 -0.692814 -1.68091 
0.912743 3.5489 -0.411481 -2.32483 
0.950957 3.53543 0.73172 -0.258662 
1.75585 3.51513 0.333869 0.37453 
2.01267 3.91137 -0.936317 -0.325433 
1.58586 4.56591 -0.259871 1.53353 
1.10551 4.78655 -0.0398634 -1.62164 
0.949646 3.54754 0.121775 1.17253 
1.90421 4.46575 0.407075 1.10645 
0.857944 3.94649 0.370746 -1.2758 
1.3985 4.03944 0.276793 -3.05989 
2.11496 3.3883 0.368274 3.09457 
1.881 3.32873 0.724199 -2.95733 
0.871563 3.29114 0.53967 -0.8682 
1.00123 3.36983 -0.201534 2.44565 
0.879443 3.78525 -0.933227 2.31857 
0.887596 4.20941 0.519049 1.70462 
0.97561 4.32613 -0.519043 -2.20002 
1.17266 3.38141 -0.759052 -2.42633 
1.79988 3.97487 -0.831333 -3.02374 
0.819742 4.27721 -0.392703 -0.270013 
0.875387 4.44545 0.239386 1.75893 
1.6915 4.26306 -0.435095 -2.44234 
1.99117 3.34666 -0.706555 -1.6686 
1.13579 4.01888 -0.025678 -0.556963 
1.44745 4.27416 -0.0897552 -2.65456 
0.888392 4.43714 0.324647 -0.163886 
1.17748 4.53233 0.688287 1.59653 
2.09328 4.42893 -0.47712 -0.411022 
1.38918 4.32248 0.0333864 -1.38395 
0.897074 4.47116 0.508033 2.72312 
1.93542 4.34109 0.928602 2.46066 
2.10428 3.30967 -0.498449 -0.394174 
1.72675 3.23728 -0.287235 -2.14172 
1.39906 3.61893 0.370248 1.35996 
0.882228 3.643 -0.8999 0.859539 
1.38792 4.20594 -0.0369543 1.20623 
1.77105 4.74393 0.753831 -2.20123 
0.907995 3.98522 -0.243386 1.12521 
2.01404 4.37971 0.55909 -3.07009 
1.07653 4.60709 -0.520283 -1.23995 
1.13352 3.92412 0.0503823 2.50134 
0.89588 3.47387 -0.0635579 -2.8838 
0.965314 3.34955 0.13433 0.919143 
1.44749 3.93014 -0.533965 0.122505 
0.928745 4.08687 -0.928981 1.60383 
1.32394 4.67061 0.69937 2.50227 
0.873684 4.82784 -0.462932 -0.6039 
0.932287 3.24431 0.693164 -1.62197 
1.09445 3.87341 0.0536423 0.806522 
1.06541 4.69529 -0.643708 -0.784154 
1.66289 4.19243 -0.675321 -2.42094 
0.894906 3.62662 -0.345223 3.08431 
1.5258 4.4829 0.372825 -2.84891 
0.884219 4.50623 0.501509 -1.87087 
1.17063 4.81772 0.0221749 -1.43696 
0.876956 4.32109 0.507264 0.850293 
1.77782 3.86042 0.996014 0.510449 
2.06937 3.67594 -0.69255 0.192679 
1.47255 3.2765 0.0816033 1.49282 
2.10581 4.049 0.122469 -1.08329 
1.29884 3.37825 -0.667716 -1.75864 
1.42791 3.7427 0.666578 2.23591 
0.929429 3.43041 -0.672595 2.1979 
2.01237 4.28934 -0.717848 2.47611 
1.2367 4.72216 -0.18434 -2.77448 
1.41872 3.48322 -0.522637 2.7313 
0.905338 3.84325 -0.614337 2.73789 
0.85619 3.28243 -0.840582 -1.84494 
1.31604 3.78274 0.407721 1.29389 
1.95496 4.52339 -0.631327 1.77252 
0.878775 4.2957 -0.774172 0.284772 
1.48582 4.4057 -0.964178 2.83882 
1.2131 3.81606 -0.34029 -2.03495 
1.24717 4.25231 -0.681775 3.07339 
1.11641 4.35374 -0.280551 -0.991699 
1.47628 3.48577 0.797704 0.862865 
1.92783 3.26697 0.601362 -1.34081 
1.07146 3.47145 -0.178853 -2.96753 
1.34415 4.56974 -0.223924 2.46704 
1.42527 4.35151 0.14617 2.24557 
1.28159 4.44555 0.691043 1.33829 
1.31096 4.67097 -0.248104 1.11503 
0.860304 3.42462 0.812273 3.13242 
0.893078 3.28538 -0.221477 -1.50796 
1.02131 3.86099 -0.13507 0.779787 
0.897332 3.90304 0.636307 -1.54261 
0.874501 4.03917 0.24623 1.99231 
0.906765 3.81623 -0.751264 -1.7578 
1.79164 4.3045 0.324776 0.0804195 
1.67531 4.68524 0.945494 1.43518 
0.93999 4.33057 -0.309204 -2.76704 
0.849152 3.74176 0.950462 -0.0749325 
1.46486 4.56415 -0.271983 -0.209245 
2.03501 4.66807 0.730095 -1.83169 
0.9202 3.7882 0.514685 -0.367536 
1.9325 3.84155 -0.348202 2.78488 
1.85595 3.92968 -0.851045 -2.27029 
0.808142 3.79641 0.942572 -0.236981 
0.888439 4.49207 -0.348537 0.902572 
1.56966 4.5173 -0.642471 -0.528264 
0.877239 3.33133 0.755198 -0.436587 
1.61631 4.31031 -0.505653 1.6604 
1.76506 3.86948 -0.623463 -1.98902 
0.859891 3.52295 0.654236 -1.52713 
1.68345 4.61206 -0.210976 -0.307904 
0.889099 4.46716 -0.211399 0.277708 
0.715126 3.82725 -0.397054 -1.20164 
0.960266 3.26462 0.500702 1.82542 
0.883558 3.38631 0.860278 -1.75679 
1.25285 4.24192 -0.845175 2.64196 
1.69406 3.48473 -0.825861 0.616988 
2.12298 4.60908 0.136042 2.85409 
1.26043 4.74762 -0.0213025 -1.1338 
0.906792 4.18357 -0.709625 -2.94257 
1.67332 4.00625 -0.419656 2.75414 
2.06552 4.09247 -0.609251 -1.33519 
1.45675 4.72021 0.239235 -0.429166 
1.387 3.79423 -0.962028 0.297167 
1.17401 4.03922 -0.668738 2.84456 
0.998921 3.9918 -0.338432 2.86963 
1.06589 3.91702 0.224965 -0.926631 
1.14234 4.62268 0.173612 1.91281 
1.34819 4.33999 -0.642135 -2.0004 
1.30947 3.5259 -0.422915 -0.927329 
1.6509 3.80386 0.307781 1.06121 
1.01201 3.86773 -0.00921327 -2.11039 
1.73918 3.47796 -0.780866 -2.96109 
1.66463 4.82843 0.890157 2.40071 
1.07885 3.7486 -0.328902 -1.00984 
1.64616 4.65826 0.247614 0.0758338 
